2024-07-30-21:51:00	0.000	-0.000009000	0.000000000	0.000004177	0.000000237	24.2	25.0	99
2024-07-30-21:52:12	218.062	0.000013000	0.000000000	0.035185277	0.000080672	24.2	25.0	99
2024-07-30-21:53:23	228.627	0.000033000	0.000000000	0.065244028	0.000088245	24.3	25.0	100
2024-07-30-21:54:35	236.124	0.000048838	0.000000370	0.088962949	0.000054458	24.3	25.0	99
2024-07-30-21:55:47	241.938	0.000049980	0.000000200	0.092857254	0.000050965	24.3	25.0	100
2024-07-30-21:56:59	246.689	0.000065000	0.000000000	0.116588400	0.000074323	24.3	25.0	100
2024-07-30-21:58:11	250.706	0.000080960	0.000000197	0.141026860	0.000095684	24.3	25.0	100
2024-07-30-21:59:23	254.185	0.000097000	0.000000000	0.167528684	0.000131205	24.3	25.0	99
2024-07-30-22:00:35	257.255	0.000116930	0.000002041	0.199949705	0.000130677	24.3	25.0	100
2024-07-30-22:01:47	260.000	0.000142000	0.000000000	0.239323263	0.000093734	24.3	25.0	100
2024-07-30-22:02:58	262.484	0.000160000	0.000000000	0.269242600	0.000089821	24.3	25.0	99
2024-07-30-22:04:10	264.751	0.000169010	0.000000101	0.285774118	0.000126549	24.3	25.0	98
2024-07-30-22:05:22	266.837	0.000147000	0.000000000	0.250706854	0.000178386	24.2	25.0	100
2024-07-30-22:06:34	268.768	0.000154000	0.000000000	0.261912003	0.000119059	24.2	25.0	99
2024-07-30-22:07:46	270.565	0.000160000	0.000000000	0.270507807	0.000219785	24.2	25.0	98
2024-07-30-22:08:58	272.247	0.000164000	0.000000000	0.277700045	0.000212409	24.2	25.0	99
2024-07-30-22:10:10	273.827	0.000167910	0.000000288	0.283330105	0.000152094	24.2	25.0	100
2024-07-30-22:11:22	275.316	0.000171000	0.000000000	0.289365916	0.000126867	24.2	25.0	98
2024-07-30-22:12:33	276.725	0.000174000	0.000000000	0.293505035	0.000200735	24.2	25.0	97
2024-07-30-22:13:45	278.062	0.000177000	0.000000000	0.298279116	0.000151818	24.2	25.0	100
2024-07-30-22:14:57	279.333	0.000179000	0.000000000	0.302161529	0.000122014	24.2	25.0	100
2024-07-30-22:16:09	280.545	0.000182000	0.000000000	0.306851796	0.000155164	24.2	25.0	98
2024-07-30-22:17:21	281.704	0.000184490	0.000000502	0.310405718	0.000098739	24.2	25.0	100
2024-07-30-22:18:33	282.813	0.000186000	0.000000000	0.313622404	0.000106493	24.2	25.0	100
2024-07-30-22:19:45	283.876	0.000188000	0.000000000	0.316180800	0.000231826	24.2	25.0	99
2024-07-30-22:20:57	284.898	0.000190000	0.000000000	0.319649086	0.000091400	24.2	25.0	98
2024-07-30-22:22:08	285.882	0.000191970	0.000000172	0.322059172	0.000124700	24.2	25.0	99
2024-07-30-22:23:20	286.829	0.000193000	0.000000000	0.324830800	0.000147493	24.2	26.0	100
2024-07-30-22:24:32	287.744	0.000195000	0.000000000	0.327399541	0.000229467	24.2	26.0	99
2024-07-30-22:25:44	288.627	0.000196948	0.000000222	0.329710699	0.000174330	24.2	26.0	97
2024-07-30-22:26:56	289.482	0.000200070	0.000000256	0.335867532	0.000227165	24.2	26.0	100
2024-07-30-22:28:08	290.309	0.000204000	0.000000000	0.341658255	0.000161663	24.2	26.0	99
2024-07-30-22:29:20	291.111	0.000205000	0.000000000	0.343735093	0.000256896	24.2	26.0	99
2024-07-30-22:30:31	291.889	0.000206000	0.000000000	0.345753956	0.000299430	24.2	26.0	100
2024-07-30-22:31:43	292.644	0.000208000	0.000000000	0.348918883	0.000298827	24.2	26.0	100
2024-07-30-22:32:55	293.378	0.000209175	0.000000409	0.350920013	0.000300063	24.2	26.0	97
2024-07-30-22:34:07	294.092	0.000211000	0.000000000	0.354341361	0.000467861	24.2	26.0	99
2024-07-30-22:35:19	294.787	0.000213000	0.000000000	0.357484647	0.000276400	24.3	26.0	100
2024-07-30-22:36:31	295.464	0.000214890	0.000000314	0.360558301	0.000283334	24.3	26.0	100
2024-07-30-22:37:43	296.124	0.000215990	0.000000101	0.362678550	0.000366652	24.3	26.0	99
2024-07-30-22:38:55	296.767	0.000218000	0.000000000	0.365546277	0.000340245	24.3	26.0	98
2024-07-30-22:40:06	297.395	0.000219190	0.000000394	0.367760974	0.000326153	24.3	26.0	100
2024-07-30-22:41:18	298.008	0.000220240	0.000000429	0.369597976	0.000481065	24.2	26.0	100
2024-07-30-22:42:30	298.607	0.000222051	0.000000221	0.372035166	0.000385867	24.2	26.0	98
2024-07-30-22:43:42	299.193	0.000223990	0.000000101	0.374263827	0.000176102	24.2	26.0	99
2024-07-30-22:44:54	299.765	0.000225000	0.000000000	0.375665687	0.000207044	24.2	26.0	100
2024-07-30-22:46:06	300.326	0.000226010	0.000000101	0.377974682	0.000195687	24.2	26.0	99
2024-07-30-22:47:18	300.874	0.000222020	0.000000142	0.372246510	0.000164849	24.2	26.0	98
2024-07-30-22:48:30	301.412	0.000218680	0.000000469	0.365496866	0.000214767	24.2	26.0	100
2024-07-30-22:49:41	301.938	0.000214270	0.000000446	0.359065787	0.000208442	24.2	26.0	100
2024-07-30-22:50:53	302.454	0.000211364	0.000000483	0.354424028	0.000172247	24.2	26.0	99
2024-07-30-22:52:05	302.960	0.000208969	0.000000174	0.349761958	0.000318293	24.2	26.0	97
2024-07-30-22:53:17	303.457	0.000206070	0.000000256	0.345378823	0.000180675	24.2	26.0	100
2024-07-30-22:54:29	303.944	0.000204000	0.000000000	0.341882999	0.000145454	24.2	26.0	100
2024-07-30-22:55:41	304.422	0.000201990	0.000000101	0.337946706	0.000358747	24.2	26.0	99
2024-07-30-22:56:53	304.891	0.000200000	0.000000000	0.335358252	0.000132078	24.2	26.0	100
2024-07-30-22:58:04	305.352	0.000198930	0.000000256	0.332744023	0.000166343	24.2	26.0	100
2024-07-30-22:59:16	0.000	-0.000009000	0.000000000	0.000004495	0.000000239	24.2	26.0	99
