2024-09-06-01:12:16	0.000	0.000000000	0.000000000	0.000002623	0.000000229	22.8	35.0	71339
2024-09-06-01:12:40	2.160	3506133.000000000	171881141.000000000	0.010244738	0.000054805	22.8	35.0	71525
2024-09-06-01:13:03	3.190	8627788.000000000	1040316352.000000000	0.024784700	0.000127535	22.8	35.0	71556
2024-09-06-01:13:26	4.240	13906681.000000000	2703333569.000000000	0.039440915	0.000153650	22.8	35.0	71541
2024-09-06-01:13:50	5.280	19185332.000000000	5140353612.000000000	0.054638560	0.000154305	22.8	35.0	71606
2024-09-06-01:14:13	6.310	24561446.000000000	8430357528.000000000	0.069745989	0.000172409	22.8	35.0	71559
2024-09-06-01:14:36	7.370	29568514.000000000	12262966236.000000000	0.084338058	0.000103488	22.8	35.0	71296
2024-09-06-01:15:00	8.400	35237263.000000000	17372782981.000000000	0.099827454	0.000169559	22.8	35.0	71472
2024-09-06-01:15:23	9.460	40494104.000000000	22903572826.000000000	0.115275099	0.000186296	22.8	35.0	71595
2024-09-06-01:15:46	10.470	45332964.000000000	28708997778.000000000	0.128156729	0.000703091	22.8	35.0	71584
2024-09-06-01:16:10	11.550	50395997.000000000	35502951423.000000000	0.141925360	0.000505233	22.8	35.0	71537
2024-09-06-01:16:33	12.550	55366011.000000000	42813627239.000000000	0.155422571	0.000386434	22.8	35.0	71599
2024-09-06-01:16:57	13.610	60735835.000000000	51505964863.000000000	0.170701737	0.000419556	22.8	34.0	71620
2024-09-06-01:17:20	14.640	66821309.000000000	62386631221.000000000	0.186922136	0.000700548	22.8	34.0	71574
2024-09-06-01:17:43	15.640	71919808.000000000	72300081088.000000000	0.202525821	0.000860636	22.8	34.0	71543
2024-09-06-01:18:07	16.710	76917376.000000000	82728327048.000000000	0.216752893	0.000639026	22.8	34.0	71516
2024-09-06-01:18:30	17.720	82592293.000000000	95336643890.999999900	0.232788679	0.001004672	22.8	34.0	71553
2024-09-06-01:18:54	18.750	86662476.000000000	105005303764.000000000	0.244153976	0.000349113	22.8	35.0	71524
2024-09-06-01:19:17	19.770	91638911.000000000	117503336665.000000000	0.258167558	0.001045246	22.8	35.0	71469
2024-09-06-01:19:40	20.740	97565130.000000000	133026089448.000000000	0.273169429	0.000883596	22.8	35.0	71560
2024-09-06-01:20:04	21.750	102296473.000000000	146303369151.000000000	0.287203248	0.000870670	22.8	35.0	71528
2024-09-06-01:20:27	22.770	109002095.000000000	165713302175.000000000	0.301308750	0.002534335	22.8	35.0	71703
2024-09-06-01:20:50	23.760	114516799.000000000	183248866373.000000000	0.316869934	0.000896054	22.8	35.0	71567
2024-09-06-01:21:14	24.810	119894843.000000000	200746218459.000000000	0.331873537	0.000902586	22.8	35.0	71610
2024-09-06-01:21:37	25.860	124712567.000000000	216827608441.000000000	0.345651518	0.001570833	22.8	35.0	71733
2024-09-06-01:22:00	26.930	129739456.000000000	234823574784.000000000	0.359315222	0.000786302	22.8	35.0	71682
2024-09-06-01:22:24	27.950	135251466.000000000	255657428600.000000000	0.373542658	0.001179651	22.8	35.0	71558
2024-09-06-01:22:47	28.980	140156836.000000000	274331801028.000000000	0.388849404	0.000547681	22.8	35.0	71609
2024-09-06-01:23:11	29.970	146151977.000000000	298035728559.000000000	0.404276974	0.000892360	22.8	35.0	71680
2024-09-06-01:23:34	31.020	150685609.000000000	317709156187.000000000	0.419858875	0.000441823	22.8	35.0	71476
2024-09-06-01:23:58	32.060	157362017.000000000	346278158705.000000000	0.436351225	0.000896889	22.8	35.0	71516
2024-09-06-01:24:21	33.080	162977354.000000000	370683471368.000000000	0.450305524	0.000409756	22.8	35.0	71661
2024-09-06-01:24:44	34.100	166287264.000000000	387792525902.000000000	0.460978640	0.002251861	22.8	35.0	71309
2024-09-06-01:25:08	35.100	171210880.000000000	408993927354.000000000	0.472058923	0.004207431	22.8	35.0	71677
2024-09-06-01:25:31	36.180	176485102.000000000	435645770454.000000000	0.491146583	0.000964046	22.8	35.0	71500
2024-09-06-01:25:54	37.220	182924176.000000000	467958272694.000000000	0.507372098	0.001486302	22.8	35.0	71514
2024-09-06-01:26:18	38.250	188206241.000000000	495187026183.000000000	0.521512104	0.000394418	22.8	35.0	71533
2024-09-06-01:26:41	39.270	194036099.000000000	526301209011.000000000	0.537269398	0.001701935	22.8	35.0	71539
2024-09-06-01:27:05	40.240	199833525.000000000	557501272307.000000000	0.551194830	0.001810700	22.8	35.0	71632
2024-09-06-01:27:28	41.300	204261030.000000000	583081589494.000000000	0.563574877	0.001664984	22.8	35.0	71558
2024-09-06-01:27:51	42.350	208670032.000000000	607809058470.000000000	0.574086896	0.003303623	22.8	35.0	71643
2024-09-06-01:28:15	43.330	213222445.000000000	634516758282.999999000	0.589303020	0.007687660	22.8	35.0	71657
2024-09-06-01:28:38	44.410	221339428.000000000	684402095125.999999000	0.608668655	0.001813772	22.8	35.0	71593
2024-09-06-01:29:01	45.430	226034426.000000000	714147947643.999999000	0.626472905	0.001000491	22.8	35.0	71542
2024-09-06-01:29:25	46.450	231207018.000000000	746894004745.999999000	0.638205051	0.000703030	22.8	35.0	71572
2024-09-06-01:29:48	47.480	235600955.000000000	778609036564.999999000	0.650970275	0.000423137	22.8	35.0	71291
2024-09-06-01:30:12	48.520	241732020.000000000	816179543597.999999000	0.665320474	0.001121199	22.8	35.0	71595
2024-09-06-01:30:35	49.570	246377898.000000000	851612525063.999999000	0.678858879	0.000409192	22.8	35.0	71279
2024-09-06-01:30:59	50.570	253267165.000000000	895685899170.999999000	0.692676861	0.000178645	22.8	35.0	71616
2024-09-06-01:31:22	51.630	258989958.000000000	937585615383.999999000	0.709785125	0.000445609	22.8	35.0	71541
2024-09-06-01:31:45	52.600	263585272.000000000	973057194745.999999000	0.723313868	0.000361343	22.8	35.0	71401
2024-09-06-01:32:09	53.660	268736663.000000000	1009694407855.000000000	0.732845558	0.000335320	22.8	35.0	71526
2024-09-06-01:32:32	54.680	274486170.000000000	1052699082274.000000000	0.745400327	0.000529527	22.8	35.0	71571
2024-09-06-01:32:55	0.000	278241291.000000000	1082757208289.000000000	0.757815356	0.000325651	22.8	35.0	71501
2024-09-06-01:33:19	56.760	282997191.000000000	1122851950933.000000000	0.773085612	0.000640051	22.8	35.0	71325
2024-09-06-01:33:42	57.740	289376656.000000000	1170960284052.000000000	0.790821549	0.003426937	22.8	35.0	71513
2024-09-06-01:34:06	58.780	293116005.000000000	1200310040475.000000000	0.803414479	0.000595864	22.8	35.0	71579
2024-09-06-01:34:29	59.740	292915350.000000000	1199488358250.000000000	0.815420551	0.000503313	22.8	35.0	71530
2024-09-06-01:34:52	60.750	293480460.000000000	1201802483700.000000000	0.828418279	0.000577887	22.8	35.0	71668
2024-09-06-01:35:16	61.810	293640165.000000000	1202456475675.000000000	0.844292312	0.000742800	22.8	35.0	71707
2024-09-06-01:35:39	62.840	293521410.000000000	1201970173950.000000000	0.857478063	0.000291860	22.8	35.0	71678
2024-09-06-01:36:02	63.870	292792500.000000000	1198985287500.000000000	0.874264442	0.000391451	22.8	35.0	71500
2024-09-06-01:36:26	64.880	293554170.000000000	1202104326150.000000000	0.888175554	0.000497091	22.8	35.0	71686
2024-09-06-01:36:49	65.800	292759740.000000000	1198851135300.000000000	0.901940613	0.000585060	22.8	35.0	71492
2024-09-06-01:37:12	0.000	0.000000000	0.000000000	0.000002691	0.000000226	22.8	34.0	71565
