2024-09-07-02:24:33	0.000	0.000000000	0.000000000	0.000002624	0.000000264	22.8	37.0	71619
2024-09-07-02:24:56	2.160	3468305.000000000	167693331.000000000	0.010128572	0.000064532	22.8	37.0	71740
2024-09-07-02:25:20	3.180	8616579.000000000	1037389841.000000000	0.024699273	0.000184992	22.8	37.0	71571
2024-09-07-02:25:43	4.230	13832414.000000000	2668090148.000000000	0.039356532	0.000118796	22.8	37.0	71714
2024-09-07-02:26:06	5.270	19082552.000000000	5091576678.000000000	0.054390904	0.000115475	22.8	37.0	71520
2024-09-07-02:26:30	6.290	24317741.000000000	8266463045.000000000	0.068908711	0.000132276	22.7	37.0	71537
2024-09-07-02:26:53	7.360	29544228.000000000	12226607802.000000000	0.084670817	0.000283976	22.7	37.0	71391
2024-09-07-02:27:16	8.390	34672357.000000000	16811311935.000000000	0.098636980	0.000145948	22.7	37.0	71510
2024-09-07-02:27:40	9.460	40087912.000000000	22458035664.000000000	0.113962487	0.000306190	22.7	37.0	71558
2024-09-07-02:28:03	10.500	45184203.000000000	28605843913.000000000	0.129526059	0.000227055	22.7	37.0	71371
2024-09-07-02:28:26	11.570	50892357.000000000	36106383969.000000000	0.145478697	0.000309422	22.8	37.0	71734
2024-09-07-02:28:50	12.590	56294732.000000000	44300124900.000000000	0.159409415	0.000410534	22.8	37.0	71538
2024-09-07-02:29:13	13.600	61002407.000000000	52187730569.000000000	0.173005413	0.000487132	22.8	37.0	71307
2024-09-07-02:29:36	14.630	66614881.000000000	61941751009.000000000	0.187645207	0.000445114	22.8	37.0	71642
2024-09-07-02:30:00	15.670	71803209.000000000	71989518351.000000000	0.201664753	0.000616470	22.7	37.0	71618
2024-09-07-02:30:23	16.780	77300791.000000000	83474562470.999999900	0.217750888	0.000686525	22.7	37.0	71584
2024-09-07-02:30:47	17.790	82554273.000000000	95255648356.999999900	0.233932398	0.000724867	22.7	37.0	71547
2024-09-07-02:31:10	18.850	87733561.000000000	107618482153.000000000	0.249481409	0.000838487	22.7	37.0	71523
2024-09-07-02:31:33	19.840	92691113.000000000	120104884149.000000000	0.263302870	0.000513323	22.7	37.0	71535
2024-09-07-02:31:57	20.830	97612046.000000000	133255836150.000000000	0.277412847	0.000870739	22.7	37.0	71503
2024-09-07-02:32:21	21.780	103174266.000000000	148619063248.000000000	0.290681735	0.000965841	22.7	37.0	71628
2024-09-07-02:32:44	22.790	108528897.000000000	165160031593.000000000	0.304114215	0.000873770	22.7	37.0	71320
2024-09-07-02:33:07	23.770	115184118.000000000	185017889936.000000000	0.320444974	0.001139694	22.7	37.0	71709
2024-09-07-02:33:31	24.880	120348649.000000000	202420638047.000000000	0.337312190	0.001818197	22.8	37.0	71554
2024-09-07-02:33:54	26.000	124950386.000000000	217936422930.000000000	0.354973493	0.001172984	22.8	37.0	71639
2024-09-07-02:34:17	27.000	129029811.000000000	232719695959.000000000	0.364546459	0.003919168	22.8	37.0	71541
2024-09-07-02:34:41	28.070	133860509.000000000	251248278473.000000000	0.370628009	0.003241365	22.8	37.0	71321
2024-09-07-02:35:04	29.130	139383494.000000000	271699896944.000000000	0.388585978	0.002455981	22.8	37.0	71508
2024-09-07-02:35:27	30.090	145948231.000000000	297912686589.000000000	0.407158582	0.001251310	22.7	37.0	71507
2024-09-07-02:35:51	31.070	151197990.000000000	319633645528.000000000	0.420877141	0.001032275	22.7	37.0	71527
2024-09-07-02:36:14	32.120	157082291.000000000	344894820787.000000000	0.440867389	0.001990173	22.7	37.0	71545
2024-09-07-02:36:37	33.120	162833659.000000000	370962682373.000000000	0.453580698	0.001023479	22.7	37.0	71479
2024-09-07-02:37:01	34.210	166955570.000000000	389900673100.000000000	0.465089687	0.000225139	22.7	37.0	71491
2024-09-07-02:37:24	35.210	172752710.000000000	416985246900.000000000	0.478471828	0.000597033	22.8	37.0	71574
2024-09-07-02:37:48	36.290	178413261.000000000	445169352457.000000000	0.496610075	0.003387443	22.8	37.0	71508
2024-09-07-02:38:11	37.250	183818658.000000000	471385991854.000000000	0.510119945	0.001836126	22.8	37.0	71685
2024-09-07-02:38:34	38.270	189148940.000000000	499993865878.000000000	0.523365158	0.001227825	22.8	37.0	71556
2024-09-07-02:38:58	39.280	194683121.000000000	529429624839.000000000	0.537866992	0.000963269	22.8	37.0	71590
2024-09-07-02:39:21	40.220	199791084.000000000	559781517826.000000000	0.549762597	0.004333369	22.8	37.0	71317
2024-09-07-02:39:44	41.340	204175470.000000000	582457435798.000000000	0.562534704	0.000517320	22.8	37.0	71572
2024-09-07-02:40:08	42.290	208433382.000000000	607052815940.000000000	0.571235925	0.007283204	22.8	37.0	71569
2024-09-07-02:40:31	43.390	214740798.000000000	644646183329.999999000	0.586057003	0.003029281	22.8	37.0	71540
2024-09-07-02:40:54	44.360	220489664.000000000	679997230837.999999000	0.602753141	0.001016564	22.8	37.0	71499
2024-09-07-02:41:18	45.400	225115441.000000000	710541943150.999999000	0.618651963	0.000384102	22.8	37.0	71322
2024-09-07-02:41:41	46.350	231590023.000000000	751169730484.999999000	0.636146917	0.000839521	22.8	37.0	71403
2024-09-07-02:42:04	47.490	236768144.000000000	783178837051.999999000	0.649150524	0.000282130	22.8	37.0	71579
2024-09-07-02:42:28	48.540	241051742.000000000	812172979603.999999000	0.660233556	0.004565561	22.8	37.0	71544
2024-09-07-02:42:51	49.570	246123643.000000000	845419635658.999999000	0.673584865	0.000436028	22.8	37.0	71653
2024-09-07-02:43:14	50.590	250814836.000000000	879439838455.999999000	0.688179525	0.000442009	22.8	37.0	71532
2024-09-07-02:43:38	51.610	256986911.000000000	921194538756.999999000	0.701000878	0.000685886	22.8	37.0	71692
2024-09-07-02:44:01	52.620	263050829.000000000	969359951376.999999000	0.725572683	0.000340770	22.8	37.0	71383
2024-09-07-02:44:25	53.610	267713670.000000000	1002189974790.000000000	0.730742412	0.000426232	22.8	37.0	71514
2024-09-07-02:44:48	54.680	271840674.000000000	1036123847556.000000000	0.742114375	0.000210321	22.8	37.0	71321
2024-09-07-02:45:11	0.000	277271957.000000000	1077185135811.000000000	0.755655923	0.000269259	22.8	37.0	71371
2024-09-07-02:45:35	56.750	283842059.000000000	1124418640315.000000000	0.775121897	0.002710414	22.8	37.0	71653
2024-09-07-02:45:58	57.750	287063183.000000000	1155090499863.000000000	0.780177603	0.000651838	22.8	37.0	71341
2024-09-07-02:46:21	58.750	292980870.000000000	1199756662650.000000000	0.797247118	0.000822665	22.8	37.0	71546
2024-09-07-02:46:45	59.740	292956300.000000000	1199656048500.000000000	0.807364439	0.006542164	22.8	37.0	71540
2024-09-07-02:47:08	60.720	292808880.000000000	1199052363600.000000000	0.822635038	0.000200917	22.8	37.0	71504
2024-09-07-02:47:31	61.780	293091435.000000000	1200209426325.000000000	0.840531720	0.000216737	22.8	37.0	71573
2024-09-07-02:47:55	62.810	292178250.000000000	1196469933750.000000000	0.856600611	0.007164227	22.8	37.0	71350
2024-09-07-02:48:18	63.810	292853925.000000000	1199236822875.000000000	0.867933432	0.005325296	22.8	37.0	71515
2024-09-07-02:48:41	64.700	291850650.000000000	1195128411750.000000000	0.883815486	0.001628931	22.8	37.0	71270
2024-09-07-02:49:05	65.770	293193810.000000000	1200628651950.000000000	0.899273475	0.000908526	22.8	37.0	71598
2024-09-07-02:49:28	0.000	0.000000000	0.000000000	0.000002495	0.000000196	22.8	37.0	71569
