2024-09-03-21:47:53	0.000	0.000000000	0.000000000	0.000002958	0.000000218	22.8	36.0	71528
2024-09-03-21:48:16	2.170	3706241.000000000	192116985.000000000	0.010685779	0.000102840	22.8	36.0	71513
2024-09-03-21:48:40	3.180	8916201.000000000	1111006033.000000000	0.025375867	0.000057849	22.7	36.0	71557
2024-09-03-21:49:03	4.220	14078036.000000000	2777536634.000000000	0.040378113	0.000172101	22.7	36.0	71356
2024-09-03-21:49:26	5.250	19414225.000000000	5269543313.000000000	0.055539574	0.000115607	22.7	36.0	71527
2024-09-03-21:49:50	6.260	24685360.000000000	8520279178.000000000	0.070712678	0.000225708	22.7	36.0	71520
2024-09-03-21:50:13	7.310	29937952.000000000	12526163640.000000000	0.086137021	0.000296604	22.7	36.0	71553
2024-09-03-21:50:36	8.310	35069459.000000000	17203850335.000000000	0.100748130	0.000226281	22.8	36.0	71488
2024-09-03-21:51:00	9.360	40246486.000000000	22729658366.000000000	0.115883650	0.000262874	22.8	36.0	71263
2024-09-03-21:51:23	10.370	45846633.000000000	29361421319.000000000	0.131103228	0.000335840	22.8	36.0	71588
2024-09-03-21:51:47	11.420	50723999.000000000	35959944521.000000000	0.145020443	0.000531559	22.8	36.0	71550
2024-09-03-21:52:10	12.450	55581278.000000000	43187503122.000000000	0.158066081	0.000250159	22.8	36.0	71532
2024-09-03-21:52:33	13.440	60960134.000000000	51992442996.000000000	0.171836201	0.000330657	22.8	36.0	71475
2024-09-03-21:52:57	14.480	66534855.000000000	61920543269.000000000	0.186962724	0.000227249	22.8	36.0	71494
2024-09-03-21:53:20	15.470	72092964.000000000	72644244962.000000000	0.202669951	0.000889397	22.8	36.0	71547
2024-09-03-21:53:43	16.500	77950292.000000000	84814433931.999999900	0.216876114	0.000608868	22.8	36.0	71643
2024-09-03-21:54:07	17.590	82777316.000000000	95814044573.999999900	0.233685960	0.000666520	22.8	36.0	71516
2024-09-03-21:54:30	18.650	87405638.000000000	106743182994.000000000	0.246099856	0.000354647	22.8	36.0	71572
2024-09-03-21:54:53	19.650	92035985.000000000	118093862533.000000000	0.258864759	0.000719571	22.8	36.0	71728
2024-09-03-21:55:17	20.610	98098339.000000000	134416857973.000000000	0.273132096	0.000878030	22.8	36.0	71595
2024-09-03-21:55:40	21.580	101968595.000000000	145802569515.000000000	0.285900553	0.000950001	22.8	36.0	71314
2024-09-03-21:56:03	22.560	108161130.000000000	163656052088.000000000	0.300531921	0.000908066	22.8	36.0	71487
2024-09-03-21:56:27	23.550	113200298.000000000	179791601328.000000000	0.315390185	0.001452265	22.8	36.0	71275
2024-09-03-21:56:50	24.550	120456753.000000000	202964421021.000000000	0.332591307	0.000698369	22.8	36.0	71492
2024-09-03-21:57:13	25.650	124953454.000000000	218070642492.000000000	0.348181260	0.000477590	22.8	36.0	71600
2024-09-03-21:57:37	26.690	128938294.000000000	232444480534.000000000	0.357723120	0.002461766	22.8	36.0	71526
2024-09-03-21:58:00	27.740	133250733.000000000	248103968941.000000000	0.369374858	0.002699147	22.8	36.0	71570
2024-09-03-21:58:23	28.730	139740562.000000000	273254137912.000000000	0.385699127	0.000688449	22.8	36.0	71470
2024-09-03-21:58:47	29.770	144167065.000000000	290495195481.000000000	0.400601079	0.000748179	22.8	36.0	71551
2024-09-03-21:59:10	30.810	149905850.000000000	314132706610.000000000	0.417643462	0.000927328	22.8	36.0	71541
2024-09-03-21:59:34	31.840	156006024.000000000	339505574432.000000000	0.432631874	0.000292700	22.8	36.0	71691
2024-09-03-21:59:57	32.850	162061526.000000000	367089378972.000000000	0.447970699	0.000281962	22.8	36.0	71550
2024-09-03-22:00:20	33.900	166336142.000000000	387055841056.000000000	0.461856529	0.001035977	22.8	36.0	71487
2024-09-03-22:00:44	34.910	171843490.000000000	412190227320.000000000	0.476373712	0.002125257	22.8	36.0	71648
2024-09-03-22:01:07	35.930	176930836.000000000	437586030768.000000000	0.489732811	0.001090814	22.8	36.0	71545
2024-09-03-22:01:30	37.010	182070395.000000000	463592966021.000000000	0.508419326	0.002155994	22.8	36.0	71509
2024-09-03-22:01:54	38.030	188723810.000000000	497804746128.000000000	0.525864099	0.002052458	22.8	36.0	71554
2024-09-03-22:02:17	39.060	194740838.000000000	529184599864.000000000	0.538630530	0.001226957	22.8	36.0	71673
2024-09-03-22:02:40	40.060	199691200.000000000	557413632742.000000000	0.552692659	0.001596607	22.8	36.0	71542
2024-09-03-22:03:04	41.070	204169362.000000000	583200832900.000000000	0.566722153	0.005369766	22.8	36.0	71477
2024-09-03-22:03:27	42.140	209422529.000000000	612912136677.000000000	0.578222985	0.003685115	22.8	36.0	71557
2024-09-03-22:03:50	43.170	214440868.000000000	641834721203.999999000	0.590887564	0.002033863	22.8	36.0	71647
2024-09-03-22:04:14	44.210	219851349.000000000	674687667882.999999000	0.608255529	0.000655332	22.8	36.0	71640
2024-09-03-22:04:37	45.210	226241498.000000000	715418439215.999999000	0.622455840	0.000704471	22.8	36.0	71551
2024-09-03-22:05:00	46.260	231333614.000000000	747797003069.999999000	0.636372632	0.000519528	22.8	36.0	71564
2024-09-03-22:05:24	47.250	235524882.000000000	777987773425.999999000	0.646374468	0.000230330	22.8	36.0	71302
2024-09-03-22:05:47	48.310	241566942.000000000	814997018635.999999000	0.659907992	0.000286456	22.8	36.0	71601
2024-09-03-22:06:10	49.370	246263242.000000000	850450003137.999999000	0.677749070	0.000187468	22.8	36.0	71310
2024-09-03-22:06:34	50.380	251366024.000000000	883099639011.999999000	0.685110468	0.000240181	22.8	36.0	71549
2024-09-03-22:06:57	51.440	257455791.000000000	926381046808.999999000	0.703182358	0.000104715	22.8	36.0	71551
2024-09-03-22:07:21	52.440	263050210.000000000	967538179559.999999000	0.717864249	0.000504624	22.8	36.0	71517
2024-09-03-22:07:44	53.440	268034142.000000000	1005406429348.000000000	0.731594228	0.000262199	22.8	36.0	71456
2024-09-03-22:08:07	54.500	273892030.000000000	1047048919658.000000000	0.745884554	0.000324411	22.8	36.0	71646
2024-09-03-22:08:31	0.000	278413560.000000000	1083780008074.000000000	0.757962117	0.000260050	22.8	36.0	71522
2024-09-03-22:08:54	56.590	284024587.000000000	1127874086821.000000000	0.772828773	0.000799001	22.8	36.0	71524
2024-09-03-22:09:17	57.570	287466707.000000000	1159103332635.000000000	0.784386924	0.004829252	22.8	36.0	71294
2024-09-03-22:09:41	58.530	292718790.000000000	1198683445050.000000000	0.799115189	0.000526569	22.8	36.0	71482
2024-09-03-22:10:04	59.580	293189715.000000000	1200611882925.000000000	0.814492693	0.000455195	22.8	36.0	71597
2024-09-03-22:10:27	60.570	292960395.000000000	1199672817525.000000000	0.825868752	0.000168081	22.8	36.0	71541
2024-09-03-22:10:51	61.640	292739265.000000000	1198767290175.000000000	0.840996629	0.000252106	22.8	36.0	71487
2024-09-03-22:11:14	62.660	292989060.000000000	1199790200700.000000000	0.857685947	0.000897084	22.8	36.0	71548
2024-09-03-22:11:37	63.710	293021820.000000000	1199924352900.000000000	0.871056250	0.000594244	22.8	36.0	71556
2024-09-03-22:12:01	64.700	291981690.000000000	1195665020550.000000000	0.886283895	0.000298240	22.8	36.0	71302
2024-09-03-22:12:24	65.650	292903065.000000000	1199438051175.000000000	0.900501483	0.000201663	22.8	36.0	71527
2024-09-03-22:12:47	0.000	0.000000000	0.000000000	0.000002650	0.000000200	22.8	36.0	71669
