2024-09-06-09:02:16	0.000	0.000000000	0.000000000	0.000002779	0.000000187	22.8	35.0	71285
2024-09-06-09:02:39	2.160	3613334.000000000	182337484.000000000	0.010480564	0.000075508	22.8	36.0	71617
2024-09-06-09:03:03	3.180	8801255.000000000	1080004713.000000000	0.025220876	0.000099645	22.8	36.0	71726
2024-09-06-09:03:26	4.230	14035814.000000000	2752840846.000000000	0.040246303	0.000107777	22.8	36.0	71565
2024-09-06-09:03:50	5.240	19418379.000000000	5270783187.000000000	0.055533844	0.000128888	22.8	36.0	71541
2024-09-06-09:04:13	6.260	24656158.000000000	8495968654.000000000	0.070295825	0.000137323	22.8	36.0	71555
2024-09-06-09:04:36	7.310	29797319.000000000	12447712487.000000000	0.085371067	0.000143805	22.8	36.0	71329
2024-09-06-09:05:00	8.320	35134219.000000000	17247442433.000000000	0.100163789	0.000264189	22.8	36.0	71571
2024-09-06-09:05:23	9.370	40278402.000000000	22625378402.000000000	0.115467149	0.000455772	22.8	36.0	71705
2024-09-06-09:05:46	10.390	45286413.000000000	28652948551.000000000	0.129597888	0.000277685	22.8	36.0	71576
2024-09-06-09:06:10	11.430	50245399.000000000	35297886967.000000000	0.144665055	0.000652492	22.8	36.0	71523
2024-09-06-09:06:33	12.460	55245966.000000000	42665018554.000000000	0.158056080	0.000833166	22.8	36.0	71537
2024-09-06-09:06:57	13.460	60927167.000000000	51771597139.000000000	0.172721572	0.000923420	22.8	36.0	71703
2024-09-06-09:07:20	14.520	66102444.000000000	61083119006.000000000	0.188245663	0.000655873	22.8	36.0	71535
2024-09-06-09:07:43	15.500	71238838.000000000	70978531936.000000000	0.202753114	0.000551869	22.8	36.0	71501
2024-09-06-09:08:07	16.520	76696901.000000000	81984191145.000000000	0.218275246	0.000659073	22.8	36.0	71751
2024-09-06-09:08:30	17.550	82292712.000000000	94930029027.999999900	0.236043722	0.001711473	22.8	36.0	71340
2024-09-06-09:08:53	18.570	86616622.000000000	104854573410.000000000	0.247831865	0.000999484	22.8	36.0	71551
2024-09-06-09:09:17	19.650	92169683.000000000	118754657243.000000000	0.262594379	0.000478555	22.8	36.0	71537
2024-09-06-09:09:40	20.660	96746407.000000000	131375101159.000000000	0.277596027	0.000555548	22.8	36.0	71246
2024-09-06-09:10:04	21.640	102236348.000000000	146168976132.000000000	0.290701199	0.000933378	22.8	36.0	71509
2024-09-06-09:10:27	22.620	108686969.000000000	165116916803.000000000	0.303734223	0.000501865	22.8	36.0	71545
2024-09-06-09:10:50	23.640	114439599.000000000	183122139489.000000000	0.323007513	0.001272235	22.8	36.0	71519
2024-09-06-09:11:14	24.700	119752575.000000000	200498769393.000000000	0.340137724	0.001173554	22.8	36.0	71526
2024-09-06-09:11:37	25.830	124221345.000000000	215755244411.000000000	0.353719792	0.002627480	22.8	36.0	71522
2024-09-06-09:12:00	26.860	128678110.000000000	231016106676.000000000	0.363480217	0.003122933	22.8	36.0	71677
2024-09-06-09:12:24	27.860	133687974.000000000	249670633730.000000000	0.377369585	0.004113600	22.8	36.0	71585
2024-09-06-09:12:47	28.880	139564312.000000000	271676289196.000000000	0.393424654	0.002663873	22.8	36.0	71698
2024-09-06-09:13:11	29.880	146151594.000000000	298765756320.000000000	0.410343222	0.001227763	22.8	36.0	71503
2024-09-06-09:13:34	30.800	151140842.000000000	319267806744.000000000	0.423030093	0.000958492	22.8	36.0	71555
2024-09-06-09:13:57	31.900	156214261.000000000	342405110891.000000000	0.438936090	0.000465842	22.8	36.0	71271
2024-09-06-09:14:21	32.900	162219551.000000000	368148446103.000000000	0.452851287	0.001764516	22.8	36.0	71484
2024-09-06-09:14:44	33.960	167432098.000000000	391864682580.000000000	0.465368705	0.000598691	22.9	36.0	71542
2024-09-06-09:15:08	35.000	171899735.000000000	413057358815.000000000	0.476681187	0.001401326	22.9	36.0	71542
2024-09-06-09:15:31	35.950	178295046.000000000	444322134344.000000000	0.493491006	0.001574117	22.9	36.0	71552
2024-09-06-09:15:54	37.030	183990633.000000000	473698697091.000000000	0.509833237	0.002269827	22.9	36.0	71474
2024-09-06-09:16:18	38.040	189464431.000000000	501583353759.000000000	0.524282006	0.002220062	22.9	36.0	71576
2024-09-06-09:16:41	38.990	194179654.000000000	527038907072.000000000	0.540051633	0.001271060	22.8	36.0	71546
2024-09-06-09:17:04	40.050	199026503.000000000	553801389669.000000000	0.552940469	0.001787373	22.8	36.0	71532
2024-09-06-09:17:28	41.090	202688140.000000000	576034086850.000000000	0.564468367	0.000437792	22.8	36.0	71320
2024-09-06-09:17:51	42.160	207167761.000000000	599812066471.000000000	0.575339003	0.003299458	22.8	36.0	71554
2024-09-06-09:18:14	43.170	212779453.000000000	632383112248.999999000	0.588370627	0.000655448	22.8	36.0	71595
2024-09-06-09:18:38	44.160	219906091.000000000	675897044720.999999000	0.599367139	0.010428555	22.8	36.0	71550
2024-09-06-09:19:01	45.180	224920985.000000000	707275879442.999999000	0.616565555	0.003856897	22.8	36.0	71529
2024-09-06-09:19:25	46.200	230597638.000000000	743807144419.999999000	0.638688444	0.001145197	22.8	36.0	71491
2024-09-06-09:19:48	47.290	235442733.000000000	775053634034.999999000	0.648979373	0.001027967	22.8	36.0	71522
2024-09-06-09:20:11	48.340	240225902.000000000	805905747803.999999000	0.657486479	0.001620663	22.8	36.0	71607
2024-09-06-09:20:35	49.390	245476140.000000000	840637307521.999999000	0.670474132	0.000550742	22.8	36.0	71682
2024-09-06-09:20:58	50.390	250847002.000000000	879764040625.999999000	0.687687678	0.001018666	22.8	36.0	71524
2024-09-06-09:21:21	51.460	255017394.000000000	909526669725.999999000	0.694638656	0.000969497	22.8	36.0	71503
2024-09-06-09:21:45	52.450	262835325.000000000	963828714302.999999000	0.713004073	0.000577942	22.8	36.0	71675
2024-09-06-09:22:08	53.460	267430767.000000000	999458226858.999999000	0.724467919	0.000508551	22.8	36.0	71558
2024-09-06-09:22:31	54.530	272313659.000000000	1036621752357.000000000	0.738832871	0.000233185	22.8	36.0	71535
2024-09-06-09:22:55	0.000	276358995.000000000	1070372657923.000000000	0.758601681	0.000771411	22.8	36.0	71353
2024-09-06-09:23:18	56.610	282028950.000000000	1112514510572.000000000	0.769526510	0.001015127	22.8	36.0	71496
2024-09-06-09:23:42	57.600	287647243.000000000	1157280735413.000000000	0.786279901	0.001354669	22.8	36.0	71496
2024-09-06-09:24:05	58.560	292964490.000000000	1199689586550.000000000	0.811911054	0.000415130	22.8	36.0	71542
2024-09-06-09:24:28	59.600	293001345.000000000	1199840507775.000000000	0.822016253	0.001295805	22.9	36.0	71551
2024-09-06-09:24:52	60.590	293017725.000000000	1199907583875.000000000	0.831437565	0.002380353	22.9	36.0	71555
2024-09-06-09:25:15	61.660	292833450.000000000	1199152977750.000000000	0.853293709	0.000937922	22.9	36.0	71510
2024-09-06-09:25:38	62.690	293013630.000000000	1199890814850.000000000	0.873533579	0.000173102	22.9	36.0	71554
2024-09-06-09:26:02	63.740	292919445.000000000	1199505127275.000000000	0.891308259	0.000378403	22.9	36.0	71531
2024-09-06-09:26:25	64.710	292853925.000000000	1199236822875.000000000	0.905610578	0.006406216	22.8	36.0	71515
2024-09-06-09:26:48	65.670	292989060.000000000	1199790200700.000000000	0.917299075	0.000510433	22.8	36.0	71548
2024-09-06-09:27:12	0.000	0.000000000	0.000000000	0.000002841	0.000000184	22.8	36.0	71522
