2024-09-06-14:01:32	0.000	0.000000000	0.000000000	0.000002186	0.000000210	22.9	36.0	71564
2024-09-06-14:01:55	2.150	8656311.000000000	1047346493.000000000	0.010040447	0.000036788	22.9	36.0	71547
2024-09-06-14:02:19	3.170	21563053.000000000	6496012085.000000000	0.024589735	0.000152790	22.9	36.0	71579
2024-09-06-14:02:42	4.230	34356827.000000000	16544297291.000000000	0.039049403	0.000091298	22.8	36.0	71348
2024-09-06-14:03:05	5.270	47380234.000000000	31379233348.000000000	0.054110597	0.000117680	22.8	36.0	71541
2024-09-06-14:03:29	6.310	60669451.000000000	51340313663.000000000	0.069612872	0.000153651	22.8	36.0	71694
2024-09-06-14:03:52	7.380	74395027.000000000	77376255075.000000000	0.085642201	0.000208348	22.8	36.0	71529
2024-09-06-14:04:15	8.420	87415706.000000000	106794314088.000000000	0.100466852	0.000179633	22.8	36.0	71554
2024-09-06-14:04:39	9.460	100411392.000000000	140882582798.000000000	0.114938765	0.000369187	22.8	36.0	71567
2024-09-06-14:05:02	10.480	113903038.000000000	181123376584.000000000	0.130266786	0.000359699	22.8	36.0	71631
2024-09-06-14:05:25	11.560	126094566.000000000	222243267292.000000000	0.144064090	0.000484488	22.8	36.0	71543
2024-09-06-14:05:49	12.580	138757761.000000000	269148388509.000000000	0.158544759	0.000274112	22.8	36.0	71536
2024-09-06-14:06:12	13.610	151924748.000000000	322616722826.000000000	0.172189374	0.000635534	22.8	36.0	71544
2024-09-06-14:06:36	14.620	166179953.000000000	385877292207.000000000	0.188711216	0.000611741	22.8	36.0	71568
2024-09-06-14:06:59	15.630	180186218.000000000	453940188628.000000000	0.203863022	0.000615419	22.8	36.0	71525
2024-09-06-14:07:22	16.730	191596191.000000000	514642973889.000000000	0.219312463	0.000838153	22.8	36.0	71331
2024-09-06-14:07:46	17.780	205298467.000000000	589207218467.000000000	0.235759029	0.000806971	22.8	36.0	71534
2024-09-06-14:08:09	18.810	217055698.000000000	658895754811.999999000	0.248944240	0.000672612	22.8	36.0	71505
2024-09-06-14:08:32	19.820	229886412.000000000	738874695309.999999000	0.263648791	0.000472873	22.8	36.0	71525
2024-09-06-14:08:56	20.820	242221993.000000000	819927311534.999999000	0.278562223	0.000339466	22.8	36.0	71558
2024-09-06-14:09:19	21.860	255514879.000000000	912667649632.999999000	0.290999103	0.000367880	22.8	36.0	71536
2024-09-06-14:09:43	22.850	270317245.000000000	1021558821153.000000000	0.305287620	0.001114805	22.8	36.0	71532
2024-09-06-14:10:06	23.770	285955503.000000000	1141560495971.000000000	0.323088671	0.000673255	22.8	36.0	71632
2024-09-06-14:10:29	24.840	293586930.000000000	1202238478350.000000000	0.337374252	0.000547614	22.8	36.0	71694
2024-09-06-14:10:53	25.890	293210190.000000000	1200695728050.000000000	0.348466160	0.001101832	22.8	36.0	71602
2024-09-06-14:11:16	26.930	292931730.000000000	1199555434350.000000000	0.360144241	0.002586284	22.8	36.0	71534
2024-09-06-14:11:39	28.000	292903065.000000000	1199438051175.000000000	0.369173767	0.006260234	22.8	36.0	71527
2024-09-06-14:12:03	29.060	292870305.000000000	1199303898975.000000000	0.389187202	0.001158670	22.9	36.0	71519
2024-09-06-14:12:26	30.010	292755645.000000000	1198834366275.000000000	0.404229029	0.001254743	22.9	36.0	71491
2024-09-06-14:12:49	31.060	293300280.000000000	1201064646600.000000000	0.422093510	0.000976154	22.9	36.0	71624
2024-09-06-14:13:13	32.060	294156135.000000000	1204569372825.000000000	0.437169854	0.000700286	22.9	36.0	71833
2024-09-06-14:13:36	33.130	292812975.000000000	1199069132625.000000000	0.451571469	0.000772340	22.9	36.0	71505
2024-09-06-14:14:00	34.130	293300280.000000000	1201064646600.000000000	0.464906714	0.000445805	22.9	36.0	71624
2024-09-06-14:14:23	35.210	292174155.000000000	1196453164725.000000000	0.478199580	0.000874385	22.9	36.0	71349
2024-09-06-14:14:46	36.220	292968585.000000000	1199706355575.000000000	0.494318047	0.001512456	22.9	36.0	71543
2024-09-06-14:15:10	37.270	293267520.000000000	1200930494400.000000000	0.508302270	0.002947003	22.9	36.0	71616
2024-09-06-14:15:33	38.270	293558265.000000000	1202121095175.000000000	0.526038178	0.000850689	22.9	36.0	71687
2024-09-06-14:15:56	39.220	292116825.000000000	1196218398375.000000000	0.540521420	0.000448533	22.9	36.0	71335
2024-09-06-14:16:20	40.170	293099625.000000000	1200242964375.000000000	0.554519696	0.001180415	22.9	36.0	71575
2024-09-06-14:16:43	41.350	293017725.000000000	1199907583875.000000000	0.568485603	0.000438958	22.9	36.0	71555
2024-09-06-14:17:07	42.370	293169240.000000000	1200528037800.000000000	0.579550482	0.000613922	22.9	36.0	71592
2024-09-06-14:17:30	43.390	292735170.000000000	1198750521150.000000000	0.592884246	0.002386449	22.9	36.0	71486
2024-09-06-14:17:53	44.450	292817070.000000000	1199085901650.000000000	0.608399229	0.000868678	22.9	36.0	71506
2024-09-06-14:18:17	45.450	293799870.000000000	1203110467650.000000000	0.625726635	0.000617475	22.9	36.0	71746
2024-09-06-14:18:40	46.480	293148765.000000000	1200444192675.000000000	0.639213513	0.000251752	22.9	36.0	71587
2024-09-06-14:19:04	47.450	292088160.000000000	1196101015200.000000000	0.651676316	0.001393709	22.8	36.0	71328
2024-09-06-14:19:27	48.550	292026735.000000000	1195849479825.000000000	0.667307998	0.000687680	22.8	36.0	71313
2024-09-06-14:19:50	49.590	292796595.000000000	1199002056525.000000000	0.680065926	0.000703076	22.8	36.0	71501
2024-09-06-14:20:14	50.600	292890780.000000000	1199387744100.000000000	0.695504613	0.000816960	22.8	36.0	71524
2024-09-06-14:20:37	51.640	293197905.000000000	1200645420975.000000000	0.703043965	0.000683067	22.8	36.0	71599
2024-09-06-14:21:00	52.650	293156955.000000000	1200477730725.000000000	0.721093163	0.001722538	22.9	36.0	71589
2024-09-06-14:21:24	53.660	292939920.000000000	1199588972400.000000000	0.738486772	0.000866553	22.9	36.0	71536
2024-09-06-14:21:47	54.690	292931730.000000000	1199555434350.000000000	0.754701060	0.007455455	22.9	36.0	71534
2024-09-06-14:22:11	0.000	292796595.000000000	1199002056525.000000000	0.772080841	0.001855539	22.9	36.0	71501
2024-09-06-14:22:34	56.770	292735170.000000000	1198750521150.000000000	0.787756123	0.000887454	22.8	36.0	71486
2024-09-06-14:22:57	57.760	292976775.000000000	1199739893625.000000000	0.802499884	0.000230628	22.8	36.0	71545
2024-09-06-14:23:21	58.780	292722885.000000000	1198700214075.000000000	0.809182011	0.000554937	22.8	36.0	71483
2024-09-06-14:23:44	59.740	291867030.000000000	1195195487850.000000000	0.821136080	0.000371073	22.8	36.0	71274
2024-09-06-14:24:07	60.740	293173335.000000000	1200544806825.000000000	0.833237767	0.000521043	22.8	36.0	71593
2024-09-06-14:24:31	61.800	292751550.000000000	1198817597250.000000000	0.847034222	0.000155975	22.8	36.0	71490
2024-09-06-14:24:54	62.840	292915350.000000000	1199488358250.000000000	0.863683515	0.000171132	22.8	36.0	71530
2024-09-06-14:25:17	63.870	292780215.000000000	1198934980425.000000000	0.879711910	0.000297746	22.8	36.0	71497
2024-09-06-14:25:41	64.840	293038200.000000000	1199991429000.000000000	0.895229031	0.000666072	22.8	36.0	71560
2024-09-06-14:26:04	65.790	293116005.000000000	1200310040475.000000000	0.908207365	0.000232213	22.8	36.0	71579
2024-09-06-14:26:27	0.000	0.000000000	0.000000000	0.000002800	0.000000239	22.8	36.0	71324
