2024-07-27-02:40:06	0.000	-0.000035000	0.000000000	0.000003350	0.000000221	22.8	36.0	100
2024-07-27-02:40:30	2.190	-0.000027000	0.000000000	0.010871260	0.000081836	22.8	36.0	99
2024-07-27-02:40:54	3.180	-0.000017000	0.000000000	0.026012441	0.000171234	22.8	36.0	99
2024-07-27-02:41:18	4.220	-0.000007000	0.000000000	0.041165744	0.000172785	22.8	36.0	100
2024-07-27-02:41:42	5.230	0.000003608	0.000000491	0.056150823	0.000162191	22.8	36.0	97
2024-07-27-02:42:06	6.230	0.000014000	0.000000000	0.071704657	0.000260550	22.8	36.0	100
2024-07-27-02:42:30	7.280	0.000024010	0.000000100	0.086273943	0.000317128	22.8	36.0	100
2024-07-27-02:42:53	8.290	0.000034990	0.000000100	0.102228790	0.000335765	22.8	36.0	100
2024-07-27-02:43:17	9.330	0.000045000	0.000000000	0.116577646	0.000356607	22.8	36.0	100
2024-07-27-02:43:41	10.320	0.000054323	0.000000470	0.128317623	0.000719785	22.8	36.0	99
2024-07-27-02:44:05	11.360	0.000064060	0.000000239	0.141674042	0.000439613	22.8	36.0	100
2024-07-27-02:44:29	12.420	0.000074150	0.000000359	0.156239357	0.000781383	22.8	36.0	100
2024-07-27-02:44:53	13.410	0.000084490	0.000000502	0.171119689	0.000503686	22.8	36.0	98
2024-07-27-02:45:17	14.370	0.000094313	0.000000466	0.185392775	0.000711414	22.8	36.0	99
2024-07-27-02:45:41	15.380	0.000105786	0.000000412	0.203318686	0.000735443	22.8	36.0	98
2024-07-27-02:46:05	16.390	0.000115323	0.000000550	0.218367865	0.001074166	22.8	36.0	99
2024-07-27-02:46:29	17.440	0.000126080	0.000000706	0.234022237	0.001173570	22.8	36.0	100
2024-07-27-02:46:53	18.480	0.000136620	0.000000919	0.248722078	0.002131407	22.8	36.0	100
2024-07-27-02:47:17	19.480	0.000145710	0.000000656	0.261310896	0.001768048	22.8	36.0	100
2024-07-27-02:47:40	20.530	0.000153515	0.000000502	0.270866937	0.001071426	22.8	36.0	99
2024-07-27-02:48:04	21.480	0.000163100	0.000000916	0.285069540	0.001716805	22.8	36.0	100
2024-07-27-02:48:28	22.400	0.000177110	0.000000764	0.309068715	0.001275120	22.8	36.0	100
2024-07-27-02:48:52	23.460	0.000187590	0.000001303	0.322978799	0.002312339	22.8	36.0	100
2024-07-27-02:49:16	24.380	0.000198430	0.000000700	0.338277988	0.001127256	22.8	36.0	100
2024-07-27-02:49:40	25.450	0.000208540	0.000001201	0.352481147	0.001423715	22.8	36.0	100
2024-07-27-02:50:04	26.530	0.000216404	0.000000570	0.361890460	0.001005134	22.8	36.0	99
2024-07-27-02:50:28	27.540	0.000224408	0.000001477	0.370544846	0.002047133	22.8	36.0	98
2024-07-27-02:50:52	28.580	0.000234120	0.000001249	0.386388118	0.002698641	22.8	36.0	100
2024-07-27-02:51:16	29.590	0.000247600	0.000001570	0.407508513	0.004292557	22.8	36.0	100
2024-07-27-02:51:39	30.590	0.000259140	0.000001035	0.425640905	0.002218786	22.8	36.0	100
2024-07-27-02:52:03	31.520	0.000270440	0.000000592	0.439798980	0.001752269	22.8	36.0	100
2024-07-27-02:52:27	32.620	0.000279889	0.000002109	0.456648325	0.002176548	22.8	36.0	99
2024-07-27-02:52:51	33.630	0.000287490	0.000000643	0.465504341	0.002456559	22.8	36.0	100
2024-07-27-02:53:15	34.700	0.000297540	0.000001114	0.479925114	0.002149493	22.8	36.0	100
2024-07-27-02:53:39	35.720	0.000309250	0.000000609	0.495290188	0.001146600	22.8	36.0	100
2024-07-27-02:54:03	36.740	0.000319776	0.000000584	0.510919114	0.001554508	22.8	36.0	98
2024-07-27-02:54:27	37.720	0.000330847	0.000001238	0.525790556	0.001654699	22.8	36.0	98
2024-07-27-02:54:51	38.670	0.000341898	0.000000393	0.541340276	0.001651193	22.8	36.0	98
2024-07-27-02:55:15	39.730	0.000352838	0.000000467	0.556560770	0.000816318	22.8	36.0	99
2024-07-27-02:55:38	40.720	0.000364090	0.000001854	0.575083983	0.002681616	22.8	36.0	100
2024-07-27-02:56:02	41.800	0.000372100	0.000000560	0.588119317	0.001894498	22.8	36.0	100
2024-07-27-02:56:26	42.860	0.000382130	0.000001152	0.600157251	0.003488922	22.8	36.0	100
2024-07-27-02:56:50	43.870	0.000392780	0.000002077	0.615849791	0.003484382	22.8	36.0	100
2024-07-27-02:57:14	44.830	0.000403697	0.000001705	0.632885436	0.003931300	22.8	36.0	99
2024-07-27-02:57:38	45.840	0.000414798	0.000002395	0.649470698	0.002964374	22.8	36.0	99
2024-07-27-02:58:02	46.910	0.000426196	0.000000731	0.664607272	0.001166350	22.8	36.0	97
2024-07-27-02:58:26	47.940	0.000433505	0.000005216	0.676538538	0.005114834	22.8	36.0	99
2024-07-27-02:58:49	48.960	0.000443948	0.000000508	0.691750482	0.000969701	22.8	36.0	97
2024-07-27-02:59:13	49.970	0.000452299	0.000005572	0.702757711	0.006549124	22.8	36.0	97
2024-07-27-02:59:37	50.960	0.000464000	0.000000000	0.721166506	0.000308955	22.8	36.0	100
2024-07-27-03:00:01	51.970	0.000474000	0.000000000	0.736221715	0.000964779	22.8	36.0	100
2024-07-27-03:00:25	52.950	0.000485790	0.000001038	0.751664190	0.001526803	22.8	36.0	100
2024-07-27-03:00:49	54.020	0.000496000	0.000000000	0.763786417	0.008388224	22.8	36.0	99
2024-07-27-03:01:13	55.070	0.000506000	0.000000000	0.778879145	0.000857844	22.8	36.0	100
2024-07-27-03:01:37	56.080	0.000515330	0.000000473	0.792326906	0.000120598	22.8	36.0	100
2024-07-27-03:02:01	57.090	0.000524120	0.000001008	0.806020250	0.000429061	22.8	36.0	100
2024-07-27-03:02:25	58.060	0.000533847	0.000001319	0.820556585	0.000454266	22.8	36.0	98
2024-07-27-03:02:48	59.050	0.000542525	0.000000502	0.835127116	0.000651329	22.8	36.0	99
2024-07-27-03:03:12	60.080	0.000552773	0.000000421	0.847990513	0.000251138	22.8	36.0	97
2024-07-27-03:03:36	61.140	0.000563000	0.000000000	0.861862089	0.000188347	22.8	36.0	99
2024-07-27-03:04:00	62.190	0.000572210	0.000001038	0.875554883	0.000306024	22.8	36.0	100
2024-07-27-03:04:24	63.200	0.000583000	0.000000000	0.891119477	0.000769512	22.8	36.0	98
2024-07-27-03:04:48	64.200	0.000591590	0.000000494	0.904145872	0.000584887	22.8	36.0	100
2024-07-27-03:05:12	65.150	0.000600710	0.000000456	0.918481696	0.000598401	22.8	36.0	100
2024-07-27-03:05:36	66.170	0.000609000	0.000000000	0.930532694	0.000331123	22.8	36.0	100
2024-07-27-03:06:00	67.190	0.000618505	0.000000503	0.944539763	0.000778962	22.8	36.0	99
2024-07-27-03:06:23	68.230	0.000628263	0.000000442	0.958195343	0.000313378	22.8	36.0	99
2024-07-27-03:06:47	69.250	0.000639879	0.000000328	0.974982693	0.000545267	22.8	36.0	99
2024-07-27-03:07:11	70.220	0.000649000	0.000000000	0.988133203	0.000797697	22.8	36.0	99
2024-07-27-03:07:35	71.210	0.000657980	0.000000141	0.999657745	0.000203622	22.8	36.0	99
2024-07-27-03:07:59	0.000	-0.000035000	0.000000000	0.000003129	0.000000220	22.8	36.0	99
