2024-07-24-16:54:52	0.000	-0.000023000	0.000000000	0.000001979	0.000000222	20.8	35.0	99
2024-07-24-16:56:04	218.062	0.000016000	0.000000000	0.060650792	0.000243501	20.8	35.0	99
2024-07-24-16:57:16	228.627	0.000092000	0.000000000	0.181222815	0.000153346	20.8	35.0	100
2024-07-24-16:58:28	236.124	0.000160969	0.000000173	0.288787799	0.000272854	20.8	35.0	98
2024-07-24-16:59:40	241.938	0.000180020	0.000000141	0.319163981	0.000188883	20.8	35.0	100
2024-07-24-17:00:52	246.689	0.000235545	0.000000500	0.406022512	0.000520340	20.8	35.0	99
2024-07-24-17:02:04	250.706	0.000231000	0.000000000	0.403262569	0.000313670	20.8	35.0	99
2024-07-24-17:03:15	254.185	0.000260051	0.000000221	0.452165211	0.000535577	20.8	35.0	98
2024-07-24-17:04:27	257.255	0.000269850	0.000000359	0.464597822	0.000272755	20.8	35.0	100
2024-07-24-17:05:39	260.000	0.000289480	0.000000502	0.493696935	0.000440994	20.8	35.0	100
2024-07-24-17:06:51	262.484	0.000303000	0.000000000	0.515652689	0.000514853	20.8	35.0	98
2024-07-24-17:08:03	264.751	0.000313000	0.000000000	0.530491156	0.000278758	20.8	35.0	100
2024-07-24-17:09:15	266.837	0.000322000	0.000000000	0.545001264	0.000638217	20.8	35.0	100
2024-07-24-17:10:27	268.768	0.000330000	0.000000000	0.557427306	0.000378402	20.8	35.0	100
2024-07-24-17:11:38	270.565	0.000337051	0.000000221	0.568923189	0.000471506	20.8	35.0	98
2024-07-24-17:12:50	272.247	0.000344000	0.000000000	0.578515587	0.000435315	20.8	35.0	100
2024-07-24-17:14:02	273.827	0.000349919	0.000000274	0.587145383	0.000442289	20.8	35.0	99
2024-07-24-17:15:14	275.316	0.000353153	0.000000362	0.594068001	0.000376404	20.8	35.0	98
2024-07-24-17:16:26	276.725	0.000357327	0.000000471	0.601814513	0.000594621	20.8	35.0	98
2024-07-24-17:17:38	278.062	0.000361071	0.000000258	0.603629946	0.000597596	20.8	35.0	99
2024-07-24-17:18:50	279.333	0.000363980	0.000000141	0.607604508	0.000938093	20.8	35.0	100
2024-07-24-17:20:02	280.545	0.000367388	0.000000490	0.615239301	0.000285373	20.8	35.0	98
2024-07-24-17:21:13	281.704	0.000370350	0.000000479	0.618815312	0.000632335	20.8	35.0	100
2024-07-24-17:22:25	282.813	0.000373330	0.000000473	0.624234087	0.000290040	20.8	35.0	100
2024-07-24-17:23:37	283.876	0.000375515	0.000000502	0.628165768	0.000444608	20.8	35.0	99
2024-07-24-17:24:49	284.898	0.000377990	0.000000176	0.632747453	0.000682759	20.8	35.0	98
2024-07-24-17:26:01	285.882	0.000380600	0.000000492	0.634532903	0.000461383	20.8	35.0	100
2024-07-24-17:27:13	286.829	0.000384000	0.000000000	0.641419070	0.000391862	20.8	35.0	100
2024-07-24-17:28:25	287.744	0.000388010	0.000000101	0.647366137	0.000384571	20.8	35.0	98
2024-07-24-17:29:37	288.627	0.000388980	0.000000141	0.649416472	0.000851624	20.8	35.0	100
2024-07-24-17:30:48	289.482	0.000390182	0.000000388	0.652938681	0.000676183	20.8	35.0	99
2024-07-24-17:32:00	290.309	0.000392000	0.000000000	0.656298464	0.000404855	20.8	35.0	99
2024-07-24-17:33:12	291.111	0.000393000	0.000000000	0.657569071	0.000162901	20.8	35.0	98
2024-07-24-17:34:24	291.889	0.000394000	0.000000000	0.660000042	0.000142815	20.8	35.0	99
2024-07-24-17:35:36	292.644	0.000396000	0.000000000	0.663361019	0.000519249	20.8	35.0	100
2024-07-24-17:36:48	293.378	0.000400653	0.000000478	0.668065354	0.000326731	20.8	35.0	98
2024-07-24-17:38:00	294.092	0.000402000	0.000000000	0.670094650	0.000259373	20.8	35.0	99
2024-07-24-17:39:12	294.787	0.000402700	0.000000461	0.669409493	0.000291480	20.8	35.0	100
2024-07-24-17:40:23	295.464	0.000403000	0.000000000	0.669929433	0.000382202	20.8	35.0	100
2024-07-24-17:41:35	296.124	0.000403758	0.000000431	0.669391588	0.000510520	20.8	35.0	99
2024-07-24-17:42:47	296.767	0.000404010	0.000000100	0.670720696	0.000333200	20.8	35.0	100
2024-07-24-17:43:59	297.395	0.000404444	0.000000499	0.670202732	0.000610865	20.8	35.0	99
2024-07-24-17:45:11	298.008	0.000405000	0.000000000	0.670957512	0.000572609	20.8	35.0	98
2024-07-24-17:46:23	298.607	0.000405804	0.000000399	0.672702557	0.000521060	20.8	35.0	97
2024-07-24-17:47:35	299.193	0.000406590	0.000000494	0.674285581	0.000292978	20.8	35.0	100
2024-07-24-17:48:46	299.765	0.000407230	0.000000423	0.675510329	0.000352023	20.8	35.0	100
2024-07-24-17:49:58	300.326	0.000407475	0.000000502	0.677236916	0.000285716	20.8	35.0	99
2024-07-24-17:51:10	300.874	0.000409464	0.000000522	0.679571328	0.000161390	20.8	35.0	97
2024-07-24-17:52:22	301.412	0.000410000	0.000000000	0.681594546	0.000267486	20.8	35.0	100
2024-07-24-17:53:34	301.938	0.000410879	0.000000328	0.682487469	0.000365692	20.8	35.0	99
2024-07-24-17:54:46	302.454	0.000411061	0.000000241	0.683894368	0.000488801	20.8	35.0	98
2024-07-24-17:55:58	302.960	0.000412000	0.000000000	0.685508817	0.000877733	20.8	35.0	99
2024-07-24-17:57:10	303.457	0.000412929	0.000000258	0.687091324	0.000382146	20.8	35.0	99
2024-07-24-17:58:21	303.944	0.000414000	0.000000000	0.687542074	0.000426426	20.8	35.0	100
2024-07-24-17:59:33	304.422	0.000414680	0.000000469	0.688640863	0.000327950	20.8	35.0	100
2024-07-24-18:00:45	304.891	0.000414910	0.000000288	0.688994754	0.000904561	20.8	35.0	100
2024-07-24-18:01:57	305.352	0.000415000	0.000000000	0.690152038	0.000689921	20.8	35.0	100
2024-07-24-18:03:09	0.000	-0.000023000	0.000000000	0.000001745	0.000000258	20.8	35.0	99
