12/18/202	14:18:10 	0.000	0.0000000	0.0000000	0.0000002	0.0000002	21.2	29.0	100
12/18/202	14:18:32 	1.424	0.0000000	0.0000000	0.0000136	0.0000002	21.2	29.0	100
12/18/202	14:18:53 	1.430	0.0000000	0.0000000	0.0001220	0.0000002	21.4	28.0	100
12/18/202	14:19:15 	1.494	0.0000010	0.0000000	0.0011331	0.0000004	21.4	28.0	100
12/18/202	14:19:37 	1.502	0.0000010	0.0000000	0.0013195	0.0000004	21.4	28.0	100
12/18/202	14:19:59 	1.519	0.0000010	0.0000000	0.0015949	0.0000005	21.4	28.0	98
12/18/202	14:20:21 	1.553	0.0000020	0.0000000	0.0020816	0.0000287	21.4	28.0	98
12/18/202	14:20:43 	1.684	0.0000030	0.0000000	0.0037304	0.0000634	21.5	28.0	98
12/18/202	14:21:05 	1.805	0.0000044	0.0000004	0.0055386	0.0000610	21.5	28.0	99
12/18/202	14:21:27 	1.902	0.0000060	0.0000000	0.0073542	0.0000896	21.5	28.0	98
12/18/202	14:21:48 	2.021	0.0000079	0.0000003	0.0093993	0.0002097	21.5	28.0	100
12/18/202	14:22:10 	2.146	0.0000090	0.0000000	0.0110738	0.0001546	21.5	28.0	100
12/18/202	14:22:32 	2.257	0.0000109	0.0000002	0.0129768	0.0001858	21.4	28.0	100
12/18/202	14:22:54 	2.377	0.0000120	0.0000000	0.0148481	0.0002151	21.4	28.0	100
12/18/202	14:23:16 	2.492	0.0000140	0.0000000	0.0165749	0.0001562	21.4	28.0	100
12/18/202	14:23:38 	2.603	0.0000150	0.0000000	0.0185481	0.0002348	21.4	28.0	99
12/18/202	14:24:00 	2.718	0.0000170	0.0000000	0.0202923	0.0002001	21.4	28.0	100
12/18/202	14:24:22 	2.845	0.0000180	0.0000000	0.0221818	0.0001686	21.5	29.0	100
12/18/202	14:24:43 	2.960	0.0000200	0.0000000	0.0242839	0.0002456	21.5	29.0	98
12/18/202	14:25:05 	3.075	0.0000216	0.0000004	0.0261977	0.0002114	21.5	29.0	96
12/18/202	14:25:27 	3.195	0.0000230	0.0000000	0.0278939	0.0001772	21.5	29.0	100
12/18/202	14:25:49 	3.306	0.0000247	0.0000004	0.0298284	0.0002544	21.5	29.0	100
12/18/202	14:26:11 	3.419	0.0000259	0.0000001	0.0316152	0.0001926	21.5	29.0	99
12/18/202	14:26:33 	3.536	0.0000277	0.0000004	0.0335675	0.0002560	21.5	29.0	100
12/18/202	14:26:55 	3.663	0.0000290	0.0000000	0.0354613	0.0001875	21.5	29.0	100
12/18/202	14:27:17 	3.768	0.0000310	0.0000000	0.0372470	0.0001663	21.5	29.0	100
12/18/202	14:27:38 	3.894	0.0000320	0.0000000	0.0392187	0.0002112	21.5	29.0	100
12/18/202	14:28:00 	4.012	0.0000340	0.0000000	0.0409891	0.0001322	21.6	28.0	100
12/18/202	14:28:22 	4.152	0.0000351	0.0000003	0.0430917	0.0001401	21.6	28.0	99
12/18/202	14:28:44 	4.272	0.0000370	0.0000000	0.0450275	0.0002265	21.6	28.0	98
12/18/202	14:29:06 	4.389	0.0000386	0.0000004	0.0471164	0.0001711	21.6	28.0	100
12/18/202	14:29:28 	4.505	0.0000400	0.0000000	0.0488534	0.0001447	21.6	28.0	97
12/18/202	14:29:50 	4.624	0.0000414	0.0000005	0.0505639	0.0001842	21.6	28.0	98
12/18/202	14:30:12 	4.736	0.0000430	0.0000000	0.0523361	0.0001467	21.6	28.0	100
12/18/202	14:30:34 	4.850	0.0000448	0.0000003	0.0542707	0.0002045	21.6	28.0	100
12/18/202	14:30:56 	4.974	0.0000460	0.0000000	0.0562139	0.0001489	21.6	28.0	100
12/18/202	14:31:17 	5.095	0.0000480	0.0000000	0.0580676	0.0002170	21.6	28.0	100
12/18/202	14:31:39 	5.212	0.0000490	0.0000000	0.0598930	0.0001542	21.6	28.0	100
12/18/202	14:32:01 	5.333	0.0000509	0.0000001	0.0617049	0.0001853	21.6	28.0	100
12/18/202	14:32:23 	5.439	0.0000519	0.0000001	0.0635466	0.0002627	21.6	28.0	99
12/18/202	14:32:45 	5.559	0.0000538	0.0000003	0.0650487	0.0002614	21.6	28.0	99
12/18/202	14:33:07 	5.668	0.0000550	0.0000000	0.0673347	0.0002435	21.6	28.0	100
12/18/202	14:33:29 	5.788	0.0000570	0.0000000	0.0689575	0.0001588	21.6	28.0	99
12/18/202	14:33:51 	5.902	0.0000580	0.0000000	0.0710961	0.0001688	21.6	28.0	97
12/18/202	14:34:13 	6.022	0.0000600	0.0000000	0.0729838	0.0001714	21.6	28.0	96
12/18/202	14:34:34 	6.135	0.0000610	0.0000000	0.0745290	0.0001406	21.6	28.0	100
12/18/202	14:34:56 	6.255	0.0000630	0.0000000	0.0768681	0.0001902	21.6	28.0	100
12/18/202	14:35:18 	6.374	0.0000640	0.0000000	0.0785282	0.0001587	21.6	28.0	100
12/18/202	14:35:40 	6.490	0.0000658	0.0000003	0.0802490	0.0001887	21.6	28.0	100
12/18/202	14:36:02 	6.636	0.0000670	0.0000001	0.0823820	0.0001914	21.6	28.0	100
12/18/202	14:36:24 	6.749	0.0000690	0.0000000	0.0841834	0.0001588	21.6	28.0	100
12/18/202	14:36:46 	6.869	0.0000700	0.0000001	0.0856912	0.0001319	21.6	28.0	100
12/18/202	14:37:08 	6.986	0.0000720	0.0000000	0.0876093	0.0001425	21.6	28.0	99
12/18/202	14:37:29 	7.100	0.0000732	0.0000004	0.0895328	0.0000820	21.6	28.0	98
12/18/202	14:37:51 	7.224	0.0000750	0.0000000	0.0917304	0.0001223	21.6	28.0	96
12/18/202	14:38:13 	7.342	0.0000767	0.0000004	0.0936013	0.0001125	21.6	28.0	100
12/18/202	14:38:35 	7.451	0.0000779	0.0000001	0.0954316	0.0001698	21.6	28.0	98
12/18/202	14:38:57 	7.572	0.0000793	0.0000004	0.0974670	0.0001656	21.6	28.0	99
12/18/202	14:39:19 	7.691	0.0000810	0.0000000	0.0990677	0.0001533	21.6	28.0	100
12/18/202	14:39:41 	7.813	0.0000829	0.0000001	0.1013667	0.0003145	21.6	28.0	100
12/18/202	14:40:03 	7.935	0.0000842	0.0000004	0.1034174	0.0002096	21.6	28.0	100
12/18/202	14:40:25 	8.053	0.0000860	0.0000000	0.1051601	0.0002901	21.6	28.0	100
12/18/202	14:40:46 	8.174	0.0000870	0.0000000	0.1066388	0.0002744	21.6	28.0	100
12/18/202	14:41:08 	8.286	0.0000890	0.0000001	0.1094632	0.0002882	21.6	28.0	98
12/18/202	14:41:30 	8.403	0.0000906	0.0000004	0.1110654	0.0002005	21.6	28.0	100
12/18/202	14:41:52 	8.529	0.0000920	0.0000000	0.1132764	0.0002121	21.7	28.0	100
12/18/202	14:42:14 	8.649	0.0000938	0.0000003	0.1148791	0.0002718	21.7	28.0	98
12/18/202	14:42:36 	8.764	0.0000952	0.0000004	0.1168711	0.0002834	21.7	28.0	100
12/18/202	14:42:58 	8.882	0.0000968	0.0000003	0.1186310	0.0002952	21.7	28.0	98
12/18/202	14:43:20 	9.014	0.0000981	0.0000003	0.1205460	0.0003193	21.7	28.0	100
12/18/202	14:43:41 	9.150	0.0000999	0.0000001	0.1221555	0.0002954	21.7	28.0	100
12/18/202	14:44:03 	9.272	0.0001010	0.0000002	0.1239531	0.0002947	21.7	28.0	100
12/18/202	14:44:25 	9.394	0.0001024	0.0000005	0.1256653	0.0002154	21.7	28.0	100
12/18/202	14:44:47 	9.521	0.0001040	0.0000000	0.1273845	0.0003365	21.7	28.0	100
12/18/202	14:45:09 	9.646	0.0001057	0.0000004	0.1291897	0.0002142	21.7	28.0	99
12/18/202	14:45:31 	9.756	0.0001070	0.0000001	0.1312134	0.0002213	21.7	28.0	100
12/18/202	14:45:53 	9.870	0.0001090	0.0000000	0.1329707	0.0002508	21.7	28.0	100
12/18/202	14:46:15 	9.994	0.0001105	0.0000005	0.1347769	0.0002249	21.7	28.0	98
12/18/202	14:46:36 	10.115	0.0001120	0.0000000	0.1367248	0.0002553	21.7	28.0	97
12/18/202	14:46:58 	10.229	0.0001138	0.0000003	0.1386547	0.0003253	21.7	28.0	98
12/18/202	14:47:20 	10.353	0.0001152	0.0000004	0.1406523	0.0002473	21.7	29.0	100
12/18/202	14:47:42 	10.480	0.0001170	0.0000000	0.1429161	0.0004310	21.7	29.0	100
12/18/202	14:48:04 	10.593	0.0001183	0.0000004	0.1444407	0.0003441	21.7	29.0	100
12/18/202	14:48:26 	10.712	0.0001200	0.0000002	0.1468199	0.0002638	21.7	29.0	100
12/18/202	14:48:48 	10.845	0.0001220	0.0000000	0.1489196	0.0002796	21.7	29.0	100
12/18/202	14:49:10 	10.950	0.0001237	0.0000004	0.1510748	0.0004451	21.7	28.0	100
12/18/202	14:49:32 	11.068	0.0001251	0.0000003	0.1525569	0.0003056	21.7	28.0	100
12/18/202	14:49:53 	11.188	0.0001269	0.0000001	0.1539151	0.0003577	21.7	28.0	99
12/18/202	14:50:15 	11.304	0.0001281	0.0000003	0.1560281	0.0002769	21.7	28.0	98
12/18/202	14:50:37 	11.425	0.0001301	0.0000003	0.1583861	0.0004619	21.7	28.0	100
12/18/202	14:50:59 	11.570	0.0001310	0.0000001	0.1598849	0.0002820	21.8	28.0	100
12/18/202	14:51:21 	11.680	0.0001330	0.0000002	0.1618382	0.0004317	21.8	28.0	97
12/18/202	14:51:43 	11.796	0.0001345	0.0000005	0.1640615	0.0003570	21.8	28.0	100
12/18/202	14:52:05 	11.918	0.0001360	0.0000000	0.1657629	0.0002861	21.8	28.0	100
12/18/202	14:52:27 	12.038	0.0001374	0.0000005	0.1673824	0.0001961	21.8	28.0	100
12/18/202	14:52:48 	12.156	0.0001390	0.0000002	0.1691878	0.0002539	21.8	28.0	100
12/18/202	14:53:10 	12.271	0.0001409	0.0000001	0.1713069	0.0002122	21.8	28.0	99
12/18/202	14:53:32 	12.390	0.0001420	0.0000002	0.1732310	0.0002870	21.8	28.0	100
12/18/202	14:53:54 	12.505	0.0001440	0.0000000	0.1753640	0.0002212	21.8	28.0	98
12/18/202	14:54:16 	12.628	0.0001456	0.0000004	0.1774117	0.0002526	21.8	28.0	100
12/18/202	14:54:38 	12.749	0.0001470	0.0000000	0.1791635	0.0002159	21.8	28.0	97
12/18/202	14:55:00 	12.874	0.0001490	0.0000000	0.1813227	0.0001755	21.8	28.0	97
12/18/202	14:55:22 	12.987	0.0001501	0.0000003	0.1836383	0.0001473	21.8	28.0	100
12/18/202	14:55:44 	13.109	0.0001520	0.0000003	0.1852405	0.0005243	21.8	28.0	98
12/18/202	14:56:05 	13.229	0.0001540	0.0000000	0.1867142	0.0001143	21.8	28.0	100
12/18/202	14:56:27 	13.346	0.0001550	0.0000000	0.1884677	0.0001561	21.8	28.0	100
12/18/202	14:56:49 	13.475	0.0001570	0.0000000	0.1908355	0.0001352	21.8	28.0	100
12/18/202	14:57:11 	13.603	0.0001583	0.0000005	0.1929833	0.0006014	21.8	28.0	100
12/18/202	14:57:33 	13.717	0.0001602	0.0000006	0.1945382	0.0006365	21.8	28.0	99
12/18/202	14:57:55 	13.829	0.0001610	0.0000002	0.1960283	0.0000959	21.8	28.0	100
12/18/202	14:58:17 	13.941	0.0001630	0.0000001	0.1981844	0.0001149	21.8	28.0	100
12/18/202	14:58:39 	14.091	0.0001643	0.0000004	0.1995394	0.0001847	21.8	28.0	98
12/18/202	14:59:00 	14.215	0.0001660	0.0000002	0.2014808	0.0003335	21.8	28.0	97
12/18/202	14:59:22 	14.334	0.0001671	0.0000003	0.2029864	0.0000913	21.8	28.0	100
12/18/202	14:59:44 	14.454	0.0001690	0.0000000	0.2050421	0.0001298	21.8	28.0	96
12/18/202	15:00:06 	14.575	0.0001708	0.0000003	0.2071371	0.0002143	21.9	28.0	100
12/18/202	15:00:28 	14.702	0.0001720	0.0000000	0.2085012	0.0001243	21.9	28.0	100
12/18/202	15:00:50 	14.811	0.0001730	0.0000002	0.2103502	0.0003065	21.9	28.0	100
12/18/202	15:01:12 	14.927	0.0001750	0.0000001	0.2126310	0.0001091	21.9	28.0	100
12/18/202	15:01:34 	15.057	0.0001768	0.0000003	0.2142629	0.0002288	21.9	28.0	99
12/18/202	15:01:56 	15.169	0.0001780	0.0000000	0.2155246	0.0002400	21.9	28.0	100
12/18/202	15:02:17 	15.289	0.0001796	0.0000004	0.2172996	0.0001681	21.9	28.0	100
12/18/202	15:02:39 	15.414	0.0001810	0.0000000	0.2193536	0.0003919	21.9	28.0	97
12/18/202	15:03:01 	15.534	0.0001820	0.0000001	0.2207674	0.0005415	21.9	28.0	98
12/18/202	15:03:23 	15.644	0.0001840	0.0000000	0.2225709	0.0003979	21.9	28.0	99
12/18/202	15:03:45 	15.765	0.0001850	0.0000000	0.2242035	0.0003442	21.9	28.0	100
12/18/202	15:04:07 	15.885	0.0001869	0.0000002	0.2257286	0.0002729	21.9	28.0	97
12/18/202	15:04:29 	15.998	0.0001880	0.0000000	0.2278209	0.0002947	21.9	28.0	100
12/18/202	15:04:51 	16.108	0.0001898	0.0000004	0.2300404	0.0005155	21.9	28.0	100
12/18/202	15:05:12 	16.242	0.0001910	0.0000000	0.2313701	0.0002267	21.9	28.0	100
12/18/202	15:05:34 	16.345	0.0001930	0.0000000	0.2326954	0.0003249	21.9	28.0	100
12/18/202	15:05:56 	16.489	0.0001940	0.0000000	0.2347408	0.0003507	21.9	28.0	100
12/18/202	15:06:18 	16.609	0.0001960	0.0000000	0.2372092	0.0002957	21.9	28.0	99
12/18/202	15:06:40 	16.725	0.0001971	0.0000003	0.2392753	0.0003122	21.9	28.0	98
12/18/202	15:07:02 	16.850	0.0001990	0.0000001	0.2410864	0.0002623	21.9	28.0	100
12/18/202	15:07:24 	16.973	0.0002002	0.0000004	0.2422483	0.0001637	21.9	28.0	100
12/18/202	15:07:46 	17.110	0.0002020	0.0000001	0.2443345	0.0001002	21.9	28.0	97
12/18/202	15:08:08 	17.232	0.0002039	0.0000001	0.2462705	0.0000929	21.9	28.0	100
12/18/202	15:08:29 	17.328	0.0002050	0.0000001	0.2490643	0.0003106	21.9	28.0	98
12/18/202	15:08:51 	17.453	0.0002070	0.0000003	0.2514171	0.0003122	21.9	28.0	100
12/18/202	15:09:13 	17.568	0.0002087	0.0000004	0.2532736	0.0004324	22.0	28.0	100
12/18/202	15:09:35 	17.703	0.0002104	0.0000004	0.2550824	0.0004397	22.0	28.0	100
12/18/202	15:09:57 	17.818	0.0002119	0.0000002	0.2571147	0.0005063	22.0	28.0	99
12/18/202	15:10:19 	17.933	0.0002134	0.0000005	0.2593107	0.0003083	22.0	28.0	100
12/18/202	15:10:41 	18.056	0.0002153	0.0000009	0.2613426	0.0012174	22.0	28.0	100
12/18/202	15:11:03 	18.171	0.0002175	0.0000012	0.2643761	0.0014327	22.0	28.0	100
12/18/202	15:11:24 	18.295	0.0002180	0.0000001	0.2649215	0.0001871	22.0	28.0	99
12/18/202	15:11:46 	18.422	0.0002205	0.0000010	0.2679653	0.0015232	22.0	28.0	100
12/18/202	15:12:08 	18.539	0.0002213	0.0000006	0.2692344	0.0007987	22.0	28.0	100
12/18/202	15:12:30 	18.658	0.0002230	0.0000002	0.2712171	0.0001326	22.0	28.0	95
12/18/202	15:12:52 	18.785	0.0002252	0.0000008	0.2736617	0.0018182	22.0	28.0	96
12/18/202	15:13:14 	18.910	0.0002267	0.0000005	0.2750107	0.0003403	22.0	28.0	100
12/18/202	15:13:36 	19.052	0.0002282	0.0000006	0.2775679	0.0008445	22.0	28.0	99
12/18/202	15:13:58 	19.192	0.0002301	0.0000005	0.2804906	0.0013323	22.0	28.0	100
12/18/202	15:14:20 	19.300	0.0002312	0.0000005	0.2816722	0.0004965	22.0	28.0	100
12/18/202	15:14:41 	19.419	0.0002330	0.0000000	0.2838909	0.0005299	22.0	28.0	100
12/18/202	15:15:03 	19.547	0.0002352	0.0000010	0.2869392	0.0014521	22.0	28.0	100
12/18/202	15:15:25 	19.675	0.0002361	0.0000005	0.2882312	0.0004670	22.0	28.0	100
12/18/202	15:15:47 	19.807	0.0002387	0.0000015	0.2911156	0.0021375	22.0	28.0	98
12/18/202	15:16:09 	19.926	0.0002402	0.0000005	0.2931537	0.0004858	22.0	28.0	98
12/18/202	15:16:31 	20.041	0.0002420	0.0000000	0.2951522	0.0004735	22.0	28.0	100
12/18/202	15:16:53 	20.157	0.0002431	0.0000004	0.2976475	0.0002118	22.0	28.0	96
12/18/202	15:17:15 	20.290	0.0002452	0.0000010	0.3006149	0.0014451	22.0	28.0	98
12/18/202	15:17:37 	20.406	0.0002470	0.0000000	0.3015779	0.0000821	22.0	28.0	100
12/18/202	15:17:58 	20.527	0.0002490	0.0000000	0.3046107	0.0002145	22.0	28.0	100
12/18/202	15:18:20 	20.657	0.0002505	0.0000009	0.3071779	0.0009760	22.0	28.0	98
12/18/202	15:18:42 	20.778	0.0002524	0.0000011	0.3089186	0.0010602	22.0	28.0	100
12/18/202	15:19:04 	20.897	0.0002540	0.0000001	0.3104278	0.0002737	22.0	28.0	100
12/18/202	15:19:26 	21.027	0.0002551	0.0000007	0.3126140	0.0007721	22.0	28.0	99
12/18/202	15:19:48 	21.143	0.0002576	0.0000015	0.3172349	0.0031580	22.0	28.0	99
12/18/202	15:20:10 	21.271	0.0002588	0.0000003	0.3166830	0.0004153	22.1	28.0	99
12/18/202	15:20:32 	21.428	0.0002608	0.0000017	0.3190459	0.0019715	22.1	28.0	100
12/18/202	15:20:53 	21.550	0.0002622	0.0000007	0.3206107	0.0014799	22.1	28.0	97
12/18/202	15:21:15 	21.670	0.0002631	0.0000006	0.3219601	0.0006795	22.1	28.0	96
12/18/202	15:21:37 	21.791	0.0002654	0.0000018	0.3241714	0.0033064	22.1	28.0	100
12/18/202	15:21:59 	21.906	0.0002661	0.0000008	0.3250698	0.0012549	22.1	28.0	99
12/18/202	15:22:21 	22.030	0.0002679	0.0000001	0.3268493	0.0002389	22.1	28.0	100
12/18/202	15:22:43 	22.144	0.0002690	0.0000002	0.3278418	0.0002637	22.1	28.0	99
12/18/202	15:23:05 	22.272	0.0002703	0.0000004	0.3293017	0.0005874	22.1	28.0	100
12/18/202	15:23:27 	22.381	0.0002719	0.0000001	0.3308371	0.0002866	22.1	28.0	100
12/18/202	15:23:48 	22.500	0.0002733	0.0000007	0.3327684	0.0009707	22.1	28.0	99
12/18/202	15:24:10 	22.636	0.0002752	0.0000008	0.3345385	0.0005408	22.1	28.0	99
12/18/202	15:24:32 	22.745	0.0002770	0.0000001	0.3368700	0.0004251	22.1	28.0	100
12/18/202	15:24:54 	22.864	0.0002782	0.0000007	0.3385146	0.0011169	22.1	28.0	97
12/18/202	15:25:16 	22.990	0.0002794	0.0000007	0.3400548	0.0007063	22.1	28.0	99
12/18/202	15:25:38 	23.122	0.0002814	0.0000008	0.3411792	0.0008812	22.1	28.0	96
12/18/202	15:26:00 	23.216	0.0002822	0.0000006	0.3430966	0.0009447	22.1	28.0	100
12/18/202	15:26:22 	23.359	0.0002845	0.0000011	0.3449965	0.0004475	22.1	28.0	100
12/18/202	15:26:43 	23.461	0.0002852	0.0000006	0.3469805	0.0007314	22.1	28.0	100
12/18/202	15:27:05 	23.560	0.0002871	0.0000008	0.3488683	0.0008347	22.1	28.0	100
12/18/202	15:27:27 	23.707	0.0002882	0.0000005	0.3506528	0.0005551	22.2	28.0	100
12/18/202	15:27:49 	23.816	0.0002890	0.0000000	0.3513804	0.0004369	22.2	28.0	99
12/18/202	15:28:11 	23.965	0.0002907	0.0000004	0.3529965	0.0002536	22.2	28.0	100
12/18/202	15:28:33 	24.095	0.0002923	0.0000007	0.3551889	0.0004534	22.2	28.0	100
12/18/202	15:28:55 	24.191	0.0002939	0.0000007	0.3567265	0.0007075	22.2	28.0	98
12/18/202	15:29:17 	24.309	0.0002949	0.0000007	0.3585619	0.0007781	22.2	28.0	97
12/18/202	15:29:39 	24.421	0.0002958	0.0000003	0.3594016	0.0007382	22.2	28.0	100
12/18/202	15:30:00 	24.546	0.0002978	0.0000003	0.3615499	0.0002639	22.2	28.0	96
12/18/202	15:30:22 	24.648	0.0002989	0.0000004	0.3630574	0.0005097	22.2	28.0	100
12/18/202	15:30:44 	24.777	0.0002997	0.0000011	0.3633838	0.0013045	22.2	28.0	100
12/18/202	15:31:06 	24.898	0.0003016	0.0000007	0.3650147	0.0007830	22.2	28.0	100
12/18/202	15:31:28 	25.005	0.0003029	0.0000002	0.3675500	0.0008950	22.2	28.0	100
12/18/202	15:31:50 	25.132	0.0003047	0.0000004	0.3690052	0.0006346	22.2	28.0	100
12/18/202	15:32:12 	25.253	0.0003069	0.0000001	0.3713121	0.0001947	22.2	28.0	100
12/18/202	15:32:34 	25.350	0.0003066	0.0000021	0.3703955	0.0035157	22.2	28.0	100
12/18/202	15:32:56 	25.456	0.0003087	0.0000010	0.3731620	0.0014028	22.2	28.0	100
12/18/202	15:33:17 	25.490	0.0003103	0.0000012	0.3748482	0.0016324	22.2	28.0	98
12/18/202	15:33:39 	25.694	0.0003130	0.0000004	0.3774757	0.0017029	22.2	28.0	99
12/18/202	15:34:01 	25.830	0.0003141	0.0000004	0.3794937	0.0004493	22.2	28.0	96
12/18/202	15:34:23 	25.932	0.0003158	0.0000003	0.3814424	0.0003084	22.2	28.0	97
12/18/202	15:34:45 	26.082	0.0003170	0.0000004	0.3827760	0.0006909	22.2	28.0	100
12/18/202	15:35:07 	26.184	0.0003190	0.0000003	0.3850331	0.0004905	22.2	28.0	100
12/18/202	15:35:29 	26.333	0.0003208	0.0000006	0.3870329	0.0007755	22.2	28.0	100
12/18/202	15:35:51 	26.479	0.0003220	0.0000001	0.3890296	0.0002934	22.2	28.0	100
12/18/202	15:36:12 	26.606	0.0003240	0.0000002	0.3913619	0.0005221	22.2	28.0	100
12/18/202	15:36:34 	26.740	0.0003259	0.0000003	0.3935506	0.0007687	22.2	28.0	99
12/18/202	15:36:56 	26.879	0.0003279	0.0000003	0.3959983	0.0004822	22.2	28.0	99
12/18/202	15:37:18 	26.996	0.0003300	0.0000005	0.3983420	0.0004943	22.2	28.0	100
12/18/202	15:37:40 	27.117	0.0003309	0.0000002	0.3998675	0.0006536	22.2	28.0	98
12/18/202	15:38:02 	27.247	0.0003331	0.0000004	0.4022920	0.0004915	22.2	28.0	96
12/18/202	15:38:24 	27.380	0.0003349	0.0000001	0.4044732	0.0009258	22.3	28.0	98
12/18/202	15:38:46 	27.494	0.0003355	0.0000014	0.4053868	0.0022525	22.3	28.0	100
12/18/202	15:39:08 	27.623	0.0003380	0.0000000	0.4080562	0.0000625	22.3	28.0	100
12/18/202	15:39:29 	27.730	0.0003398	0.0000005	0.4099539	0.0007750	22.3	28.0	98
12/18/202	15:39:51 	27.865	0.0003409	0.0000009	0.4121391	0.0016385	22.3	28.0	100
12/18/202	15:40:13 	27.992	0.0003429	0.0000002	0.4142188	0.0002109	22.3	28.0	98
12/18/202	15:40:35 	28.123	0.0003441	0.0000003	0.4165345	0.0001612	22.3	28.0	100
12/18/202	15:40:57 	28.243	0.0003460	0.0000000	0.4190333	0.0001746	22.3	28.0	100
12/18/202	15:41:19 	28.354	0.0003479	0.0000002	0.4214842	0.0001572	22.3	28.0	98
12/18/202	15:41:41 	28.485	0.0003498	0.0000003	0.4230452	0.0002475	22.3	28.0	97
12/18/202	15:42:03 	28.607	0.0003510	0.0000000	0.4254367	0.0001710	22.3	28.0	97
12/18/202	15:42:24 	28.732	0.0003530	0.0000000	0.4276247	0.0001789	22.3	28.0	100
12/18/202	15:42:46 	28.882	0.0003540	0.0000001	0.4296230	0.0001132	22.3	28.0	97
12/18/202	15:43:08 	29.010	0.0003570	0.0000001	0.4337004	0.0034526	22.3	28.0	99
12/18/202	15:43:30 	29.136	0.0003581	0.0000005	0.4346803	0.0024896	22.3	28.0	100
12/18/202	15:43:52 	29.258	0.0003599	0.0000002	0.4362328	0.0001806	22.3	28.0	100
12/18/202	15:44:14 	29.379	0.0003610	0.0000000	0.4373851	0.0001937	22.3	28.0	100
12/18/202	15:44:36 	29.497	0.0003630	0.0000001	0.4395331	0.0008128	22.3	28.0	99
12/18/202	15:44:58 	29.613	0.0003640	0.0000003	0.4413330	0.0011111	22.3	28.0	100
12/18/202	15:45:20 	29.735	0.0003650	0.0000004	0.4435507	0.0027927	22.3	28.0	98
12/18/202	15:45:41 	29.851	0.0003669	0.0000001	0.4446176	0.0008882	22.3	28.0	99
12/18/202	15:46:03 	29.971	0.0003680	0.0000002	0.4461442	0.0008614	22.3	28.0	98
12/18/202	15:46:25 	30.083	0.0003690	0.0000000	0.4476291	0.0001640	22.3	28.0	98
12/18/202	15:46:47 	30.203	0.0003700	0.0000002	0.4490261	0.0001965	22.3	28.0	96
12/18/202	15:47:09 	30.313	0.0003719	0.0000002	0.4507305	0.0004961	22.3	28.0	100
12/18/202	15:47:31 	30.428	0.0003730	0.0000003	0.4527886	0.0009181	22.4	28.0	100
12/18/202	15:47:53 	30.547	0.0003746	0.0000012	0.4534914	0.0014716	22.4	28.0	99
12/18/202	15:48:15 	30.673	0.0003760	0.0000002	0.4558122	0.0023532	22.4	28.0	99
12/18/202	15:48:36 	30.799	0.0003772	0.0000004	0.4556724	0.0006114	22.4	28.0	100
12/18/202	15:48:58 	30.920	0.0003790	0.0000001	0.4588065	0.0003221	22.4	28.0	100
12/18/202	15:49:20 	31.048	0.0003809	0.0000002	0.4613080	0.0015346	22.4	28.0	99
12/18/202	15:49:42 	31.153	0.0003820	0.0000000	0.4625493	0.0006770	22.4	28.0	99
12/18/202	15:50:04 	31.198	0.0003839	0.0000005	0.4642488	0.0019393	22.4	28.0	100
12/18/202	15:50:26 	31.433	0.0003850	0.0000002	0.4661682	0.0006046	22.4	28.0	99
12/18/202	15:50:48 	31.568	0.0003872	0.0000008	0.4684244	0.0011392	22.4	28.0	97
12/18/202	15:51:10 	31.693	0.0003885	0.0000005	0.4708143	0.0015774	22.4	28.0	98
12/18/202	15:51:31 	31.804	0.0003899	0.0000001	0.4721618	0.0006745	22.4	28.0	100
12/18/202	15:51:53 	31.923	0.0003910	0.0000003	0.4733468	0.0004971	22.4	28.0	99
12/18/202	15:52:15 	32.026	0.0003920	0.0000001	0.4723398	0.0010808	22.4	28.0	100
12/18/202	15:52:37 	32.162	0.0003936	0.0000005	0.4739856	0.0004737	22.4	28.0	100
12/18/202	15:52:59 	32.276	0.0003948	0.0000006	0.4761391	0.0014839	22.4	28.0	100
12/18/202	15:53:21 	32.398	0.0003969	0.0000002	0.4797472	0.0002190	22.4	28.0	100
12/18/202	15:53:43 	32.513	0.0003980	0.0000000	0.4804783	0.0013280	22.4	28.0	100
12/18/202	15:54:05 	32.636	0.0003990	0.0000001	0.4819505	0.0004509	22.4	28.0	99
12/18/202	15:54:27 	32.749	0.0004009	0.0000005	0.4834369	0.0024286	22.4	28.0	99
12/18/202	15:54:48 	32.869	0.0004020	0.0000003	0.4858575	0.0003161	22.4	28.0	99
12/18/202	15:55:10 	32.982	0.0004039	0.0000003	0.4875868	0.0009039	22.4	28.0	100
12/18/202	15:55:32 	33.093	0.0004064	0.0000010	0.4875596	0.0036135	22.4	28.0	96
12/18/202	15:55:54 	33.253	0.0004071	0.0000004	0.4911664	0.0003758	22.4	28.0	100
12/18/202	15:56:16 	33.371	0.0004090	0.0000005	0.4924551	0.0019236	22.4	28.0	100
12/18/202	15:56:38 	33.472	0.0004100	0.0000007	0.4928374	0.0008758	22.5	28.0	100
12/18/202	15:57:00 	33.594	0.0004116	0.0000010	0.4952597	0.0017589	22.5	28.0	100
12/18/202	15:57:22 	33.745	0.0004134	0.0000023	0.4965307	0.0057669	22.5	28.0	100
12/18/202	15:57:43 	33.899	0.0004149	0.0000003	0.5013591	0.0010155	22.5	28.0	100
12/18/202	15:58:05 	34.030	0.0004172	0.0000006	0.5039990	0.0013359	22.5	28.0	100
12/18/202	15:58:27 	34.169	0.0004191	0.0000006	0.5068724	0.0010065	22.5	28.0	98
12/18/202	15:58:49 	34.293	0.0004211	0.0000005	0.5101211	0.0010807	22.5	28.0	97
12/18/202	15:59:11 	34.424	0.0004226	0.0000007	0.5123865	0.0025186	22.5	28.0	100
12/18/202	15:59:33 	34.575	0.0004243	0.0000017	0.5139847	0.0054123	22.5	28.0	97
12/18/202	15:59:55 	34.687	0.0004264	0.0000012	0.5167016	0.0021295	22.5	28.0	97
12/18/202	16:00:17 	34.808	0.0004273	0.0000026	0.5174841	0.0076047	22.5	28.0	100
12/18/202	16:00:39 	34.949	0.0004298	0.0000011	0.5213511	0.0020394	22.5	28.0	100
12/18/202	16:01:00 	35.072	0.0004309	0.0000011	0.5228189	0.0032536	22.5	28.0	100
12/18/202	16:01:22 	35.188	0.0004327	0.0000010	0.5252137	0.0029978	22.5	28.0	100
12/18/202	16:01:44 	35.309	0.0004332	0.0000035	0.5258398	0.0068086	22.5	28.0	100
12/18/202	16:02:06 	35.445	0.0004365	0.0000009	0.5310836	0.0018866	22.6	28.0	99
12/18/202	16:02:28 	35.570	0.0004390	0.0000000	0.5345046	0.0006927	22.6	28.0	100
12/18/202	16:02:50 	35.626	0.0004393	0.0000015	0.5332795	0.0061186	22.6	28.0	100
12/18/202	16:03:12 	35.816	0.0004417	0.0000009	0.5388726	0.0018528	22.6	28.0	100
12/18/202	16:03:34 	35.945	0.0004438	0.0000003	0.5424233	0.0002114	22.6	28.0	97
12/18/202	16:03:55 	36.058	0.0004454	0.0000006	0.5449450	0.0003826	22.6	28.0	95
12/18/202	16:04:17 	36.189	0.0004469	0.0000005	0.5470991	0.0007050	22.6	28.0	100
12/18/202	16:04:39 	36.333	0.0004486	0.0000004	0.5495480	0.0002329	22.6	28.0	99
12/18/202	16:05:01 	36.455	0.0004500	0.0000000	0.5514479	0.0004041	22.6	28.0	100
12/18/202	16:05:23 	36.570	0.0004510	0.0000000	0.5529338	0.0004121	22.6	28.0	100
12/18/202	16:05:45 	36.696	0.0004505	0.0000038	0.5517232	0.0030183	22.6	28.0	100
12/18/202	16:06:07 	36.804	0.0004524	0.0000023	0.5543404	0.0014636	22.6	28.0	100
12/18/202	16:06:29 	36.890	0.0004534	0.0000035	0.5548826	0.0033148	22.6	28.0	100
12/18/202	16:06:51 	37.007	0.0004536	0.0000039	0.5528754	0.0057458	22.6	28.0	99
12/18/202	16:07:12 	37.004	0.0004559	0.0000035	0.5559640	0.0053114	22.6	28.0	100
12/18/202	16:07:34 	37.257	0.0004568	0.0000025	0.5587060	0.0018690	22.6	28.0	99
12/18/202	16:07:56 	37.362	0.0004590	0.0000030	0.5608970	0.0023153	22.6	28.0	100
12/18/202	16:08:18 	37.505	0.0004579	0.0000040	0.5600191	0.0030726	22.6	28.0	100
12/18/202	16:08:40 	37.606	0.0004610	0.0000008	0.5611255	0.0018528	22.6	28.0	96
12/18/202	16:09:02 	37.741	0.0004617	0.0000004	0.5623929	0.0005654	22.6	28.0	100
12/18/202	16:09:24 	37.850	0.0004635	0.0000006	0.5645074	0.0004340	22.6	28.0	100
12/18/202	16:09:46 	37.981	0.0004646	0.0000004	0.5658317	0.0006072	22.6	28.0	99
12/18/202	16:10:07 	38.088	0.0004649	0.0000019	0.5648456	0.0023134	22.6	28.0	100
12/18/202	16:10:29 	38.183	0.0004670	0.0000001	0.5683756	0.0002802	22.6	28.0	100
12/18/202	16:10:51 	38.313	0.0004676	0.0000022	0.5688945	0.0034743	22.6	28.0	99
12/18/202	16:11:13 	38.418	0.0004689	0.0000003	0.5690271	0.0008827	22.6	28.0	98
12/18/202	16:11:35 	38.503	0.0004670	0.0000041	0.5678151	0.0035460	22.6	28.0	98
12/18/202	16:11:57 	38.672	0.0004713	0.0000004	0.5717786	0.0009281	22.6	28.0	97
12/18/202	16:12:19 	38.798	0.0004720	0.0000000	0.5728804	0.0006850	22.6	28.0	97
12/18/202	16:12:41 	38.926	0.0004717	0.0000037	0.5719652	0.0028080	22.6	28.0	100
12/18/202	16:13:02 	39.038	0.0004754	0.0000009	0.5770835	0.0009979	22.6	28.0	100
12/18/202	16:13:24 	39.155	0.0004778	0.0000003	0.5801548	0.0006213	22.6	28.0	100
12/18/202	16:13:46 	39.266	0.0004794	0.0000018	0.5834001	0.0013264	22.6	28.0	100
12/18/202	16:14:08 	39.395	0.0004810	0.0000000	0.5850042	0.0002785	22.6	28.0	100
12/18/202	16:14:30 	39.502	0.0004821	0.0000003	0.5866925	0.0005619	22.6	28.0	99
12/18/202	16:14:52 	39.619	0.0004837	0.0000004	0.5894602	0.0006333	22.7	28.0	100
12/18/202	16:15:14 	39.734	0.0004857	0.0000004	0.5908183	0.0003474	22.7	28.0	99
12/18/202	16:15:36 	39.861	0.0004876	0.0000004	0.5929735	0.0010618	22.7	28.0	98
12/18/202	16:15:58 	39.996	0.0004900	0.0000002	0.5956942	0.0003448	22.7	28.0	100
12/18/202	16:16:19 	40.131	0.0004909	0.0000002	0.5983697	0.0004727	22.7	28.0	100
12/18/202	16:16:41 	40.238	0.0004927	0.0000004	0.6001360	0.0006610	22.7	28.0	97
12/18/202	16:17:03 	40.355	0.0004943	0.0000004	0.6022998	0.0004213	22.7	28.0	96
12/18/202	16:17:25 	40.483	0.0004960	0.0000000	0.6046593	0.0003743	22.7	28.0	100
12/18/202	16:17:47 	40.618	0.0004975	0.0000004	0.6067918	0.0004610	22.7	28.0	100
12/18/202	16:18:09 	40.746	0.0004997	0.0000004	0.6085478	0.0006372	22.7	28.0	100
12/18/202	16:18:31 	40.874	0.0005019	0.0000002	0.6103169	0.0006086	22.7	28.0	100
12/18/202	16:18:53 	41.025	0.0005040	0.0000000	0.6138176	0.0003515	22.7	28.0	100
12/18/202	16:19:14 	41.146	0.0005049	0.0000001	0.6161465	0.0004353	22.7	28.0	100
12/18/202	16:19:36 	41.289	0.0005060	0.0000000	0.6179481	0.0003269	22.7	28.0	100
12/18/202	16:19:58 	41.419	0.0005080	0.0000000	0.6206976	0.0002525	22.7	28.0	100
12/18/202	16:20:20 	41.555	0.0005091	0.0000003	0.6221934	0.0004380	22.7	28.0	100
12/18/202	16:20:42 	41.664	0.0005102	0.0000004	0.6232083	0.0002958	22.7	28.0	100
12/18/202	16:21:04 	41.793	0.0005113	0.0000004	0.6244401	0.0004331	22.7	28.0	97
12/18/202	16:21:26 	41.923	0.0005126	0.0000012	0.6259878	0.0016939	22.7	28.0	96
12/18/202	16:21:48 	42.060	0.0005141	0.0000003	0.6271031	0.0004104	22.7	28.0	100
