12/18/202	18:24:43 	0.000	0.0000000	0.0000000	0.0000016	0.0000002	23.6	28.0	100
12/18/202	18:25:06 	1.419	0.0000000	0.0000000	0.0000154	0.0000002	23.6	28.0	100
12/18/202	18:25:28 	1.428	0.0000000	0.0000000	0.0001254	0.0000002	23.6	28.0	100
12/18/202	18:25:50 	1.496	0.0000010	0.0000000	0.0011432	0.0000003	23.6	28.0	99
12/18/202	18:26:12 	1.503	0.0000010	0.0000000	0.0013249	0.0000003	23.6	28.0	100
12/18/202	18:26:34 	1.521	0.0000010	0.0000000	0.0015864	0.0000004	23.6	28.0	100
12/18/202	18:26:56 	1.545	0.0000020	0.0000000	0.0019962	0.0000008	23.6	28.0	100
12/18/202	18:27:18 	1.675	0.0000030	0.0000000	0.0035890	0.0000745	23.6	28.0	100
12/18/202	18:27:39 	1.797	0.0000040	0.0000002	0.0054731	0.0000972	23.6	28.0	100
12/18/202	18:28:01 	1.906	0.0000060	0.0000000	0.0074213	0.0000966	23.6	28.0	100
12/18/202	18:28:23 	2.034	0.0000075	0.0000005	0.0093693	0.0000761	23.6	28.0	100
12/18/202	18:28:45 	2.160	0.0000090	0.0000000	0.0113739	0.0000749	23.6	28.0	99
12/18/202	18:29:07 	2.276	0.0000109	0.0000001	0.0132923	0.0000959	23.6	28.0	98
12/18/202	18:29:29 	2.408	0.0000120	0.0000000	0.0152157	0.0001730	23.6	28.0	98
12/18/202	18:29:51 	2.529	0.0000140	0.0000000	0.0170881	0.0001224	23.6	28.0	98
12/18/202	18:30:13 	2.656	0.0000150	0.0000000	0.0189691	0.0001681	23.6	28.0	100
12/18/202	18:30:34 	2.772	0.0000170	0.0000000	0.0208966	0.0001467	23.6	28.0	100
12/18/202	18:30:56 	2.897	0.0000180	0.0000002	0.0227615	0.0001463	23.6	28.0	100
12/18/202	18:31:18 	3.024	0.0000200	0.0000000	0.0246826	0.0001479	23.6	28.0	100
12/18/202	18:31:40 	3.150	0.0000214	0.0000004	0.0266055	0.0000913	23.7	28.0	100
12/18/202	18:32:02 	3.269	0.0000229	0.0000002	0.0284714	0.0001499	23.7	28.0	100
12/18/202	18:32:24 	3.391	0.0000247	0.0000004	0.0305967	0.0001646	23.7	28.0	99
12/18/202	18:32:46 	3.520	0.0000260	0.0000000	0.0327547	0.0001911	23.6	28.0	100
12/18/202	18:33:08 	3.647	0.0000280	0.0000000	0.0346518	0.0002015	23.6	28.0	99
12/18/202	18:33:30 	3.771	0.0000291	0.0000003	0.0365666	0.0001530	23.6	28.0	100
12/18/202	18:33:52 	3.888	0.0000309	0.0000002	0.0382148	0.0000851	23.6	28.0	98
12/18/202	18:34:13 	4.021	0.0000320	0.0000001	0.0400202	0.0000990	23.6	28.0	97
12/18/202	18:34:35 	4.172	0.0000340	0.0000000	0.0422989	0.0002082	23.6	28.0	99
12/18/202	18:34:57 	4.302	0.0000360	0.0000000	0.0442464	0.0002060	23.6	28.0	100
12/18/202	18:35:19 	4.425	0.0000370	0.0000001	0.0463844	0.0002669	23.6	28.0	100
12/18/202	18:35:41 	4.548	0.0000389	0.0000002	0.0481288	0.0001705	23.6	28.0	100
12/18/202	18:36:03 	4.669	0.0000401	0.0000003	0.0501310	0.0001642	23.6	28.0	100
12/18/202	18:36:25 	4.798	0.0000420	0.0000000	0.0520446	0.0003744	23.7	28.0	100
12/18/202	18:36:47 	4.915	0.0000436	0.0000004	0.0541856	0.0003397	23.7	28.0	100
12/18/202	18:37:09 	5.035	0.0000450	0.0000000	0.0554633	0.0001000	23.7	28.0	99
12/18/202	18:37:30 	5.160	0.0000462	0.0000004	0.0575469	0.0002443	23.7	28.0	100
12/18/202	18:37:52 	5.291	0.0000480	0.0000000	0.0593901	0.0001822	23.7	28.0	100
12/18/202	18:38:14 	5.420	0.0000499	0.0000002	0.0614774	0.0001417	23.7	28.0	97
12/18/202	18:38:36 	5.539	0.0000510	0.0000000	0.0634030	0.0001304	23.7	28.0	100
12/18/202	18:38:58 	5.662	0.0000529	0.0000002	0.0652704	0.0001066	23.7	28.0	97
12/18/202	18:39:20 	5.778	0.0000540	0.0000000	0.0671245	0.0001752	23.7	28.0	100
12/18/202	18:39:42 	5.903	0.0000560	0.0000000	0.0690232	0.0002961	23.7	28.0	99
12/18/202	18:40:04 	6.026	0.0000570	0.0000002	0.0709881	0.0002180	23.7	28.0	100
12/18/202	18:40:26 	6.153	0.0000590	0.0000000	0.0731357	0.0003663	23.7	28.0	100
12/18/202	18:40:47 	6.279	0.0000606	0.0000005	0.0750525	0.0001828	23.7	28.0	100
12/18/202	18:41:09 	6.402	0.0000620	0.0000000	0.0767528	0.0002616	23.6	28.0	100
12/18/202	18:41:31 	6.538	0.0000632	0.0000004	0.0786690	0.0002898	23.6	28.0	100
12/18/202	18:41:53 	6.676	0.0000650	0.0000000	0.0807820	0.0001284	23.6	28.0	99
12/18/202	18:42:15 	6.811	0.0000669	0.0000002	0.0828507	0.0001965	23.6	28.0	96
12/18/202	18:42:37 	6.921	0.0000680	0.0000000	0.0847243	0.0002870	23.6	28.0	100
12/18/202	18:42:59 	7.059	0.0000700	0.0000000	0.0869951	0.0002051	23.7	28.0	100
12/18/202	18:43:21 	7.183	0.0000715	0.0000005	0.0892038	0.0003017	23.7	28.0	97
12/18/202	18:43:42 	7.302	0.0000730	0.0000001	0.0906519	0.0005279	23.7	28.0	100
12/18/202	18:44:04 	7.452	0.0000748	0.0000003	0.0924264	0.0004891	23.7	28.0	100
12/18/202	18:44:26 	7.562	0.0000760	0.0000000	0.0944063	0.0004407	23.7	28.0	100
12/18/202	18:44:48 	7.671	0.0000770	0.0000002	0.0954956	0.0002538	23.7	28.0	100
12/18/202	18:45:10 	7.782	0.0000790	0.0000000	0.0974258	0.0002864	23.7	28.0	100
12/18/202	18:45:32 	7.903	0.0000800	0.0000002	0.0990081	0.0003029	23.7	28.0	100
12/18/202	18:45:54 	8.023	0.0000820	0.0000000	0.1007536	0.0003010	23.7	28.0	100
12/18/202	18:46:16 	8.156	0.0000831	0.0000003	0.1036427	0.0002673	23.7	28.0	100
12/18/202	18:46:38 	8.289	0.0000850	0.0000002	0.1054120	0.0002363	23.7	28.0	96
12/18/202	18:46:59 	8.436	0.0000868	0.0000003	0.1069339	0.0004300	23.7	28.0	97
12/18/202	18:47:21 	8.546	0.0000881	0.0000003	0.1091684	0.0003782	23.7	28.0	100
12/18/202	18:47:43 	8.662	0.0000899	0.0000001	0.1111070	0.0002651	23.7	28.0	100
12/18/202	18:48:05 	8.813	0.0000910	0.0000001	0.1128437	0.0004056	23.7	28.0	100
12/18/202	18:48:27 	8.915	0.0000930	0.0000000	0.1151857	0.0003554	23.7	28.0	100
12/18/202	18:48:49 	9.065	0.0000945	0.0000005	0.1171647	0.0004941	23.7	28.0	100
12/18/202	18:49:11 	9.184	0.0000960	0.0000000	0.1184319	0.0004594	23.7	28.0	100
12/18/202	18:49:33 	9.299	0.0000974	0.0000005	0.1205407	0.0002200	23.7	28.0	100
12/18/202	18:49:54 	9.433	0.0000990	0.0000000	0.1224744	0.0002312	23.7	28.0	100
12/18/202	18:50:16 	9.556	0.0001009	0.0000002	0.1246687	0.0003129	23.7	28.0	100
12/18/202	18:50:38 	9.683	0.0001020	0.0000000	0.1260240	0.0001766	23.7	28.0	97
12/18/202	18:51:00 	9.815	0.0001039	0.0000002	0.1283122	0.0002641	23.7	28.0	96
12/18/202	18:51:22 	9.940	0.0001050	0.0000002	0.1301252	0.0002215	23.7	28.0	96
12/18/202	18:51:44 	10.074	0.0001070	0.0000001	0.1325080	0.0005258	23.7	28.0	98
12/18/202	18:52:06 	10.190	0.0001083	0.0000004	0.1343320	0.0002529	23.7	28.0	100
12/18/202	18:52:28 	10.339	0.0001103	0.0000004	0.1365312	0.0006135	23.7	28.0	100
12/18/202	18:52:49 	10.471	0.0001120	0.0000002	0.1388280	0.0005205	23.7	28.0	100
12/18/202	18:53:11 	10.572	0.0001133	0.0000004	0.1404765	0.0003275	23.7	28.0	100
12/18/202	18:53:33 	10.706	0.0001150	0.0000001	0.1428042	0.0003717	23.7	28.0	100
12/18/202	18:53:55 	10.823	0.0001169	0.0000005	0.1454101	0.0007017	23.7	28.0	100
12/18/202	18:54:17 	10.954	0.0001180	0.0000000	0.1464997	0.0003872	23.7	28.0	100
12/18/202	18:54:39 	11.070	0.0001197	0.0000004	0.1484327	0.0006171	23.7	28.0	97
12/18/202	18:55:01 	11.179	0.0001210	0.0000000	0.1505377	0.0002809	23.7	28.0	98
12/18/202	18:55:23 	11.305	0.0001221	0.0000003	0.1515007	0.0004373	23.7	28.0	98
12/18/202	18:55:44 	11.425	0.0001240	0.0000000	0.1538381	0.0002205	23.7	28.0	100
12/18/202	18:56:07 	11.571	0.0001251	0.0000003	0.1559104	0.0001981	23.7	28.0	97
12/18/202	18:56:28 	11.693	0.0001270	0.0000000	0.1580413	0.0001384	23.7	28.0	100
12/18/202	18:56:50 	11.810	0.0001287	0.0000004	0.1596018	0.0000819	23.7	28.0	100
12/18/202	18:57:12 	11.929	0.0001300	0.0000000	0.1624513	0.0001728	23.7	28.0	100
12/18/202	18:57:34 	12.050	0.0001320	0.0000000	0.1640154	0.0001406	23.7	28.0	100
12/18/202	18:57:56 	12.175	0.0001330	0.0000000	0.1653068	0.0001509	23.7	28.0	100
12/18/202	18:58:18 	12.296	0.0001350	0.0000000	0.1673167	0.0001932	23.7	28.0	99
12/18/202	18:58:40 	12.417	0.0001360	0.0000000	0.1691168	0.0000823	23.7	28.0	98
12/18/202	18:59:02 	12.536	0.0001380	0.0000000	0.1712034	0.0001382	23.7	28.0	100
12/18/202	18:59:24 	12.658	0.0001390	0.0000000	0.1729652	0.0000775	23.7	28.0	100
12/18/202	18:59:45 	12.782	0.0001409	0.0000002	0.1747342	0.0001429	23.7	28.0	100
12/18/202	19:00:07 	12.901	0.0001420	0.0000000	0.1767290	0.0001768	23.7	28.0	96
12/18/202	19:00:29 	13.016	0.0001440	0.0000000	0.1785360	0.0001079	23.7	28.0	97
12/18/202	19:00:51 	13.148	0.0001450	0.0000000	0.1805346	0.0002029	23.7	28.0	100
12/18/202	19:01:13 	13.269	0.0001470	0.0000000	0.1822522	0.0000910	23.7	28.0	100
12/18/202	19:01:35 	13.398	0.0001484	0.0000004	0.1844370	0.0001257	23.7	28.0	99
12/18/202	19:01:57 	13.525	0.0001500	0.0000000	0.1866152	0.0001687	23.7	28.0	100
12/18/202	19:02:19 	13.643	0.0001515	0.0000005	0.1882256	0.0000990	23.7	28.0	100
12/18/202	19:02:40 	13.775	0.0001530	0.0000000	0.1900940	0.0001040	23.7	28.0	100
12/18/202	19:03:02 	13.890	0.0001548	0.0000003	0.1920901	0.0001592	23.7	28.0	98
12/18/202	19:03:24 	14.046	0.0001560	0.0000000	0.1938860	0.0001525	23.7	28.0	100
12/18/202	19:03:46 	14.166	0.0001570	0.0000002	0.1956301	0.0001715	23.7	28.0	100
12/18/202	19:04:08 	14.289	0.0001590	0.0000000	0.1979604	0.0003659	23.7	28.0	96
12/18/202	19:04:30 	14.417	0.0001609	0.0000002	0.1993889	0.0002095	23.7	28.0	99
12/18/202	19:04:52 	14.542	0.0001620	0.0000000	0.2011398	0.0001170	23.7	28.0	97
12/18/202	19:05:14 	14.655	0.0001638	0.0000003	0.2031010	0.0000770	23.7	28.0	100
12/18/202	19:05:35 	14.785	0.0001650	0.0000000	0.2051899	0.0001633	23.7	28.0	100
12/18/202	19:05:57 	14.912	0.0001664	0.0000004	0.2068462	0.0002588	23.7	28.0	100
12/18/202	19:06:19 	15.025	0.0001680	0.0000000	0.2090859	0.0002692	23.7	28.0	100
12/18/202	19:06:41 	15.157	0.0001700	0.0000000	0.2109851	0.0002128	23.7	28.0	100
12/18/202	19:07:03 	15.268	0.0001710	0.0000000	0.2124357	0.0002079	23.7	28.0	100
12/18/202	19:07:25 	15.391	0.0001730	0.0000000	0.2144220	0.0001621	23.7	28.0	99
12/18/202	19:07:47 	15.522	0.0001740	0.0000002	0.2167638	0.0001346	23.7	28.0	98
12/18/202	19:08:09 	15.646	0.0001760	0.0000000	0.2187171	0.0001681	23.7	28.0	100
12/18/202	19:08:31 	15.799	0.0001771	0.0000003	0.2200285	0.0001851	23.7	28.0	100
12/18/202	19:08:52 	15.888	0.0001790	0.0000000	0.2225915	0.0002661	23.7	28.0	97
12/18/202	19:09:14 	16.004	0.0001804	0.0000005	0.2243809	0.0001271	23.7	28.0	98
12/18/202	19:09:36 	16.128	0.0001820	0.0000000	0.2259003	0.0001971	23.7	28.0	100
12/18/202	19:09:58 	16.249	0.0001831	0.0000003	0.2278250	0.0001031	23.7	28.0	99
12/18/202	19:10:20 	16.369	0.0001850	0.0000000	0.2297180	0.0001961	23.7	28.0	99
12/18/202	19:10:42 	16.521	0.0001863	0.0000004	0.2314292	0.0002814	23.7	28.0	100
12/18/202	19:11:04 	16.651	0.0001880	0.0000000	0.2330564	0.0000735	23.7	28.0	100
12/18/202	19:11:26 	16.756	0.0001890	0.0000001	0.2347680	0.0002195	23.7	28.0	98
12/18/202	19:11:47 	16.885	0.0001909	0.0000001	0.2369072	0.0003873	23.7	28.0	98
12/18/202	19:12:09 	17.008	0.0001920	0.0000001	0.2385975	0.0000985	23.7	28.0	98
12/18/202	19:12:31 	17.129	0.0001940	0.0000000	0.2405917	0.0000612	23.7	28.0	100
12/18/202	19:12:53 	17.254	0.0001957	0.0000004	0.2426613	0.0000750	23.7	28.0	100
12/18/202	19:13:15 	17.372	0.0001970	0.0000000	0.2446698	0.0002138	23.7	28.0	97
12/18/202	19:13:37 	17.502	0.0001990	0.0000000	0.2466887	0.0001496	23.7	28.0	100
12/18/202	19:13:59 	17.627	0.0001999	0.0000001	0.2485387	0.0003505	23.7	28.0	100
12/18/202	19:14:21 	17.744	0.0002019	0.0000001	0.2509603	0.0001921	23.7	28.0	100
12/18/202	19:14:43 	17.867	0.0002030	0.0000001	0.2525461	0.0002236	23.7	28.0	100
12/18/202	19:15:04 	17.979	0.0002049	0.0000001	0.2544285	0.0002790	23.7	28.0	99
12/18/202	19:15:26 	18.107	0.0002060	0.0000000	0.2559752	0.0002924	23.7	28.0	100
12/18/202	19:15:48 	18.230	0.0002077	0.0000007	0.2575211	0.0015101	23.7	28.0	100
12/18/202	19:16:10 	18.357	0.0002098	0.0000006	0.2600761	0.0008036	23.7	28.0	100
12/18/202	19:16:32 	18.486	0.0002110	0.0000000	0.2625776	0.0000689	23.7	28.0	99
12/18/202	19:16:54 	18.610	0.0002130	0.0000000	0.2648901	0.0001941	23.7	28.0	98
12/18/202	19:17:16 	18.739	0.0002149	0.0000001	0.2668703	0.0001617	23.7	28.0	100
12/18/202	19:17:38 	18.863	0.0002159	0.0000001	0.2685494	0.0000494	23.7	28.0	98
12/18/202	19:17:59 	19.012	0.0002179	0.0000002	0.2707383	0.0005192	23.7	28.0	99
12/18/202	19:18:21 	19.133	0.0002200	0.0000000	0.2738589	0.0003398	23.7	28.0	100
12/18/202	19:18:43 	19.248	0.0002210	0.0000003	0.2755474	0.0003718	23.6	28.0	100
12/18/202	19:19:05 	19.373	0.0002230	0.0000000	0.2769615	0.0002224	23.6	28.0	100
12/18/202	19:19:27 	19.501	0.0002249	0.0000002	0.2795692	0.0001385	23.6	28.0	100
12/18/202	19:19:49 	19.608	0.0002261	0.0000005	0.2810117	0.0007177	23.6	28.0	100
12/18/202	19:20:11 	19.722	0.0002275	0.0000005	0.2831816	0.0004349	23.6	28.0	100
12/18/202	19:20:33 	19.870	0.0002293	0.0000006	0.2855144	0.0008389	23.7	28.0	98
12/18/202	19:20:54 	20.002	0.0002305	0.0000004	0.2864534	0.0001099	23.7	28.0	98
12/18/202	19:21:16 	20.118	0.0002320	0.0000001	0.2887660	0.0001575	23.7	28.0	100
12/18/202	19:21:38 	20.250	0.0002340	0.0000000	0.2917887	0.0001523	23.7	28.0	98
12/18/202	19:22:00 	20.394	0.0002356	0.0000004	0.2933519	0.0002409	23.7	28.0	97
12/18/202	19:22:22 	20.509	0.0002370	0.0000000	0.2955261	0.0002226	23.7	28.0	100
12/18/202	19:22:44 	20.634	0.0002388	0.0000003	0.2972351	0.0002351	23.7	28.0	100
12/18/202	19:23:06 	20.755	0.0002399	0.0000001	0.2991814	0.0003124	23.7	28.0	100
12/18/202	19:23:28 	20.881	0.0002418	0.0000004	0.3013854	0.0004588	23.7	28.0	99
12/18/202	19:23:50 	21.006	0.0002433	0.0000004	0.3032153	0.0003055	23.7	28.0	100
12/18/202	19:24:11 	21.123	0.0002451	0.0000006	0.3047881	0.0004183	23.7	28.0	99
12/18/202	19:24:33 	21.261	0.0002468	0.0000003	0.3076220	0.0004545	23.7	28.0	99
12/18/202	19:24:55 	21.418	0.0002483	0.0000007	0.3093969	0.0003347	23.7	28.0	100
12/18/202	19:25:17 	21.530	0.0002500	0.0000002	0.3114165	0.0006079	23.7	28.0	100
12/18/202	19:25:39 	21.657	0.0002519	0.0000016	0.3132912	0.0005026	23.7	28.0	98
12/18/202	19:26:01 	21.807	0.0002529	0.0000002	0.3147166	0.0002862	23.7	28.0	96
12/18/202	19:26:23 	21.927	0.0002541	0.0000003	0.3166932	0.0003853	23.7	28.0	100
12/18/202	19:26:45 	22.013	0.0002560	0.0000000	0.3186947	0.0002310	23.7	28.0	100
12/18/202	19:27:06 	22.126	0.0002572	0.0000004	0.3201507	0.0004516	23.7	28.0	100
12/18/202	19:27:28 	22.255	0.0002590	0.0000000	0.3217860	0.0003462	23.7	28.0	99
12/18/202	19:27:50 	22.381	0.0002600	0.0000002	0.3231541	0.0003674	23.7	28.0	99
12/18/202	19:28:12 	22.503	0.0002618	0.0000004	0.3251724	0.0003772	23.7	28.0	100
12/18/202	19:28:34 	22.636	0.0002629	0.0000004	0.3265991	0.0005723	23.7	28.0	99
12/18/202	19:28:56 	22.744	0.0002640	0.0000000	0.3285403	0.0010731	23.7	28.0	100
12/18/202	19:29:18 	22.858	0.0002659	0.0000003	0.3301898	0.0008807	23.7	28.0	100
12/18/202	19:29:40 	22.980	0.0002670	0.0000000	0.3316318	0.0002356	23.7	28.0	98
12/18/202	19:30:01 	23.100	0.0002680	0.0000002	0.3332275	0.0001946	23.7	28.0	97
12/18/202	19:30:23 	23.225	0.0002700	0.0000001	0.3353484	0.0002895	23.7	28.0	100
12/18/202	19:30:45 	23.354	0.0002714	0.0000005	0.3366354	0.0006286	23.7	28.0	100
12/18/202	19:31:07 	23.458	0.0002727	0.0000006	0.3377829	0.0007140	23.7	28.0	99
12/18/202	19:31:29 	23.585	0.0002740	0.0000002	0.3399512	0.0002484	23.7	28.0	100
12/18/202	19:31:51 	23.709	0.0002760	0.0000000	0.3420782	0.0005458	23.7	28.0	100
12/18/202	19:32:13 	23.842	0.0002767	0.0000006	0.3430208	0.0009212	23.7	28.0	100
12/18/202	19:32:35 	23.971	0.0002785	0.0000008	0.3445726	0.0010573	23.7	28.0	100
12/18/202	19:32:57 	24.091	0.0002799	0.0000002	0.3465404	0.0006262	23.7	28.0	100
12/18/202	19:33:18 	24.219	0.0002809	0.0000001	0.3482232	0.0002101	23.7	28.0	100
12/18/202	19:33:40 	24.341	0.0002829	0.0000002	0.3501412	0.0003555	23.7	28.0	97
12/18/202	19:34:02 	24.460	0.0002840	0.0000000	0.3520352	0.0001432	23.7	28.0	98
12/18/202	19:34:24 	24.587	0.0002860	0.0000000	0.3543084	0.0001519	23.7	28.0	100
12/18/202	19:34:46 	24.703	0.0002870	0.0000001	0.3554411	0.0003603	23.7	28.0	100
12/18/202	19:35:08 	24.841	0.0002888	0.0000004	0.3571791	0.0005780	23.7	28.0	100
12/18/202	19:35:30 	24.936	0.0002900	0.0000003	0.3588943	0.0004307	23.7	28.0	99
12/18/202	19:35:52 	25.059	0.0002919	0.0000001	0.3603986	0.0003729	23.7	28.0	100
12/18/202	19:36:13 	25.181	0.0002930	0.0000000	0.3619968	0.0006043	23.7	28.0	100
12/18/202	19:36:35 	25.340	0.0002950	0.0000000	0.3647110	0.0003744	23.7	28.0	100
12/18/202	19:36:57 	25.427	0.0002958	0.0000005	0.3652855	0.0012495	23.7	28.0	100
12/18/202	19:37:19 	25.542	0.0002970	0.0000000	0.3668972	0.0001697	23.7	28.0	100
12/18/202	19:37:41 	25.663	0.0002989	0.0000004	0.3688012	0.0002827	23.7	28.0	99
12/18/202	19:38:03 	25.788	0.0003000	0.0000000	0.3706760	0.0002004	23.7	28.0	98
12/18/202	19:38:25 	25.910	0.0003020	0.0000000	0.3727213	0.0001417	23.7	28.0	98
12/18/202	19:38:47 	26.036	0.0003029	0.0000002	0.3747667	0.0005668	23.7	28.0	100
12/18/202	19:39:08 	26.154	0.0003049	0.0000001	0.3767447	0.0002706	23.7	28.0	100
12/18/202	19:39:30 	26.275	0.0003060	0.0000001	0.3784621	0.0002110	23.7	28.0	100
12/18/202	19:39:52 	26.425	0.0003079	0.0000001	0.3808348	0.0003891	23.7	28.0	100
12/18/202	19:40:14 	26.554	0.0003099	0.0000001	0.3830091	0.0003008	23.7	28.0	100
12/18/202	19:40:36 	26.683	0.0003110	0.0000002	0.3853065	0.0001062	23.7	28.0	100
12/18/202	19:40:58 	26.808	0.0003130	0.0000001	0.3872857	0.0003751	23.7	28.0	100
12/18/202	19:41:20 	26.931	0.0003150	0.0000002	0.3902340	0.0003388	23.7	28.0	99
12/18/202	19:41:42 	27.065	0.0003160	0.0000001	0.3913677	0.0001637	23.7	28.0	99
12/18/202	19:42:04 	27.196	0.0003181	0.0000004	0.3945235	0.0003529	23.7	28.0	98
12/18/202	19:42:25 	27.330	0.0003199	0.0000002	0.3958886	0.0005236	23.6	28.0	97
12/18/202	19:42:47 	27.461	0.0003219	0.0000002	0.3986889	0.0001911	23.6	28.0	100
12/18/202	19:43:09 	27.594	0.0003228	0.0000005	0.3998654	0.0014316	23.6	28.0	99
12/18/202	19:43:31 	27.730	0.0003252	0.0000010	0.4032667	0.0005619	23.6	28.0	96
12/18/202	19:43:53 	27.853	0.0003258	0.0000003	0.4048650	0.0012888	23.6	28.0	100
12/18/202	19:44:15 	27.960	0.0003279	0.0000001	0.4074799	0.0002722	23.6	28.0	100
12/18/202	19:44:37 	28.070	0.0003299	0.0000009	0.4091739	0.0012040	23.6	28.0	100
12/18/202	19:44:59 	28.194	0.0003310	0.0000000	0.4112697	0.0007265	23.6	28.0	100
12/18/202	19:45:20 	28.312	0.0003327	0.0000004	0.4129343	0.0002985	23.6	28.0	100
12/18/202	19:45:42 	28.439	0.0003344	0.0000004	0.4149515	0.0003909	23.6	28.0	100
12/18/202	19:46:04 	28.558	0.0003350	0.0000001	0.4155817	0.0002764	23.6	28.0	99
12/18/202	19:46:26 	28.688	0.0003369	0.0000002	0.4174487	0.0003193	23.6	28.0	100
12/18/202	19:46:48 	28.809	0.0003381	0.0000003	0.4198027	0.0002240	23.6	28.0	98
12/18/202	19:47:10 	28.960	0.0003400	0.0000000	0.4218175	0.0001312	23.6	28.0	98
12/18/202	19:47:32 	29.077	0.0003417	0.0000004	0.4238412	0.0001318	23.6	28.0	100
12/18/202	19:47:54 	29.195	0.0003430	0.0000000	0.4245056	0.0014423	23.6	28.0	100
12/18/202	19:48:16 	29.315	0.0003439	0.0000001	0.4261272	0.0002863	23.6	28.0	100
12/18/202	19:48:37 	29.435	0.0003458	0.0000003	0.4280296	0.0002193	23.6	28.0	100
12/18/202	19:48:59 	29.573	0.0003472	0.0000010	0.4310085	0.0018123	23.6	28.0	100
12/18/202	19:49:21 	29.723	0.0003493	0.0000010	0.4317985	0.0010880	23.6	28.0	100
12/18/202	19:49:43 	29.816	0.0003501	0.0000009	0.4328846	0.0009049	23.6	28.0	99
12/18/202	19:50:05 	29.965	0.0003518	0.0000015	0.4346861	0.0014350	23.6	28.0	99
12/18/202	19:50:27 	30.057	0.0003549	0.0000024	0.4378684	0.0028344	23.6	28.0	100
12/18/202	19:50:49 	30.184	0.0003548	0.0000016	0.4390922	0.0021394	23.6	28.0	97
12/18/202	19:51:11 	30.340	0.0003560	0.0000000	0.4395122	0.0001394	23.6	28.0	98
12/18/202	19:51:32 	30.439	0.0003581	0.0000019	0.4409114	0.0018585	23.6	28.0	98
12/18/202	19:51:54 	30.536	0.0003578	0.0000018	0.4415378	0.0024835	23.6	28.0	100
12/18/202	19:52:16 	30.655	0.0003597	0.0000010	0.4433176	0.0016765	23.6	28.0	100
12/18/202	19:52:38 	30.766	0.0003610	0.0000001	0.4450981	0.0002937	23.6	28.0	99
12/18/202	19:53:00 	30.881	0.0003620	0.0000000	0.4462490	0.0002825	23.6	28.0	100
12/18/202	19:53:22 	30.995	0.0003635	0.0000013	0.4476933	0.0021182	23.6	28.0	100
12/18/202	19:53:44 	31.089	0.0003648	0.0000008	0.4483158	0.0013318	23.6	28.0	100
12/18/202	19:54:06 	31.227	0.0003660	0.0000000	0.4499503	0.0012672	23.6	28.0	100
12/18/202	19:54:27 	31.371	0.0003668	0.0000004	0.4511466	0.0008536	23.6	28.0	100
12/18/202	19:54:49 	31.492	0.0003678	0.0000016	0.4518775	0.0021281	23.6	28.0	99
12/18/202	19:55:11 	31.597	0.0003695	0.0000013	0.4542864	0.0025067	23.6	28.0	98
12/18/202	19:55:33 	31.732	0.0003708	0.0000008	0.4561504	0.0016512	23.6	28.0	97
12/18/202	19:55:55 	31.824	0.0003721	0.0000009	0.4579949	0.0015040	23.6	28.0	100
12/18/202	19:56:17 	31.954	0.0003742	0.0000005	0.4596035	0.0008915	23.6	28.0	97
12/18/202	19:56:39 	32.097	0.0003750	0.0000005	0.4613645	0.0007984	23.6	28.0	99
12/18/202	19:57:01 	32.224	0.0003774	0.0000009	0.4645721	0.0005995	23.6	28.0	100
12/18/202	19:57:23 	32.355	0.0003787	0.0000008	0.4657157	0.0011824	23.6	28.0	100
12/18/202	19:57:44 	32.448	0.0003800	0.0000005	0.4673593	0.0002918	23.6	28.0	100
12/18/202	19:58:06 	32.558	0.0003811	0.0000005	0.4687581	0.0014989	23.6	28.0	99
12/18/202	19:58:28 	32.706	0.0003829	0.0000003	0.4712299	0.0007481	23.6	28.0	100
12/18/202	19:58:50 	32.823	0.0003848	0.0000008	0.4733321	0.0007417	23.6	28.0	100
12/18/202	19:59:12 	32.939	0.0003863	0.0000004	0.4748282	0.0011919	23.6	28.0	100
12/18/202	19:59:34 	33.052	0.0003882	0.0000010	0.4764150	0.0009856	23.6	28.0	100
12/18/202	19:59:56 	33.168	0.0003895	0.0000005	0.4782219	0.0010958	23.6	28.0	97
12/18/202	20:00:18 	33.264	0.0003908	0.0000003	0.4798527	0.0014814	23.6	28.0	97
12/18/202	20:00:39 	33.368	0.0003925	0.0000017	0.4810458	0.0026274	23.6	28.0	100
12/18/202	20:01:01 	33.503	0.0003934	0.0000014	0.4818234	0.0036368	23.6	28.0	99
12/18/202	20:01:23 	33.602	0.0003948	0.0000014	0.4833887	0.0030083	23.6	28.0	100
12/18/202	20:01:45 	33.726	0.0003965	0.0000010	0.4864084	0.0016167	23.6	28.0	100
12/18/202	20:02:07 	33.875	0.0003972	0.0000014	0.4879403	0.0018423	23.6	28.0	100
12/18/202	20:02:29 	34.016	0.0003990	0.0000029	0.4891546	0.0036813	23.6	28.0	100
12/18/202	20:02:51 	34.129	0.0004010	0.0000020	0.4925304	0.0040352	23.6	28.0	100
12/18/202	20:03:13 	34.247	0.0004036	0.0000004	0.4950345	0.0037319	23.6	28.0	100
12/18/202	20:03:35 	34.329	0.0004040	0.0000026	0.4943241	0.0055155	23.6	28.0	96
12/18/202	20:03:56 	34.481	0.0004065	0.0000010	0.4991975	0.0021650	23.6	28.0	97
12/18/202	20:04:18 	34.653	0.0004083	0.0000005	0.5011912	0.0034324	23.6	28.0	100
12/18/202	20:04:40 	34.781	0.0004104	0.0000005	0.5047080	0.0011446	23.6	28.0	100
12/18/202	20:05:02 	34.896	0.0004127	0.0000010	0.5073504	0.0003029	23.6	28.0	97
12/18/202	20:05:24 	35.061	0.0004151	0.0000017	0.5094492	0.0012174	23.6	28.0	100
12/18/202	20:05:46 	35.197	0.0004170	0.0000022	0.5116595	0.0011571	23.6	28.0	100
12/18/202	20:06:08 	35.323	0.0004179	0.0000012	0.5134431	0.0017858	23.6	28.0	99
12/18/202	20:06:30 	35.455	0.0004191	0.0000023	0.5152383	0.0041979	23.6	28.0	99
12/18/202	20:06:51 	35.574	0.0004208	0.0000016	0.5167236	0.0025565	23.6	28.0	100
12/18/202	20:07:13 	35.674	0.0004205	0.0000017	0.5159294	0.0046725	23.6	28.0	100
12/18/202	20:07:35 	35.763	0.0004222	0.0000021	0.5166228	0.0063778	23.6	28.0	97
12/18/202	20:07:57 	35.884	0.0004216	0.0000021	0.5155717	0.0066236	23.6	28.0	100
12/18/202	20:08:19 	36.053	0.0004241	0.0000017	0.5205843	0.0043952	23.6	28.0	99
12/18/202	20:08:41 	36.098	0.0004248	0.0000029	0.5201851	0.0060150	23.6	28.0	100
12/18/202	20:09:03 	36.248	0.0004268	0.0000027	0.5237808	0.0059863	23.6	28.0	97
12/18/202	20:09:25 	36.446	0.0004270	0.0000023	0.5250951	0.0055364	23.6	28.0	100
12/18/202	20:09:46 	36.566	0.0004301	0.0000005	0.5293452	0.0019410	23.6	28.0	100
12/18/202	20:10:08 	36.699	0.0004309	0.0000025	0.5294723	0.0064815	23.6	28.0	100
12/18/202	20:10:30 	36.825	0.0004333	0.0000011	0.5294334	0.0068532	23.6	28.0	100
12/18/202	20:10:52 	36.964	0.0004353	0.0000004	0.5367488	0.0005872	23.6	28.0	100
12/18/202	20:11:14 	37.085	0.0004369	0.0000003	0.5393284	0.0004780	23.6	28.0	100
12/18/202	20:11:36 	37.205	0.0004388	0.0000007	0.5412131	0.0016209	23.6	28.0	98
12/18/202	20:11:58 	37.301	0.0004398	0.0000027	0.5410731	0.0051475	23.6	28.0	100
12/18/202	20:12:20 	37.343	0.0004417	0.0000008	0.5443817	0.0014702	23.6	28.0	98
12/18/202	20:12:42 	37.463	0.0004430	0.0000019	0.5444870	0.0045393	23.5	28.0	98
12/18/202	20:13:04 	37.666	0.0004448	0.0000003	0.5470825	0.0018933	23.5	28.0	100
12/18/202	20:13:26 	37.777	0.0004450	0.0000012	0.5466999	0.0029314	23.5	28.0	97
12/18/202	20:13:48 	37.873	0.0004458	0.0000018	0.5482756	0.0029320	23.5	28.0	100
12/18/202	20:14:10 	37.902	0.0004475	0.0000011	0.5492817	0.0031137	23.5	28.0	100
12/18/202	20:14:32 	38.075	0.0004480	0.0000010	0.5501164	0.0033830	23.6	28.0	100
12/18/202	20:14:54 	38.165	0.0004496	0.0000012	0.5523377	0.0034669	23.6	28.0	100
12/18/202	20:15:16 	38.334	0.0004509	0.0000020	0.5540036	0.0026243	23.6	28.0	100
12/18/202	20:15:37 	38.447	0.0004516	0.0000018	0.5550586	0.0021003	23.6	28.0	100
12/18/202	20:15:59 	38.468	0.0004541	0.0000004	0.5561508	0.0031212	23.6	28.0	100
12/18/202	20:16:21 	38.698	0.0004561	0.0000013	0.5592618	0.0017848	23.6	28.0	100
12/18/202	20:16:43 	38.755	0.0004576	0.0000009	0.5604753	0.0033999	23.6	28.0	98
12/18/202	20:17:05 	38.845	0.0004595	0.0000017	0.5623964	0.0020529	23.6	28.0	100
12/18/202	20:17:27 	38.904	0.0004618	0.0000038	0.5637124	0.0023031	23.6	28.0	100
12/18/202	20:17:49 	39.152	0.0004654	0.0000036	0.5677895	0.0023703	23.5	28.0	97
12/18/202	20:18:11 	39.236	0.0004653	0.0000019	0.5682707	0.0011211	23.5	28.0	100
12/18/202	20:18:32 	39.387	0.0004672	0.0000017	0.5694302	0.0018776	23.5	28.0	100
12/18/202	20:18:54 	39.499	0.0004682	0.0000017	0.5719116	0.0025366	23.5	28.0	100
12/18/202	20:19:16 	39.498	0.0004691	0.0000018	0.5735043	0.0017870	23.5	28.0	100
12/18/202	20:19:38 	39.729	0.0004709	0.0000010	0.5758982	0.0014511	23.6	28.0	100
12/18/202	20:20:00 	39.870	0.0004736	0.0000019	0.5792278	0.0014184	23.6	28.0	100
12/18/202	20:20:22 	39.956	0.0004753	0.0000008	0.5807973	0.0002477	23.6	28.0	99
12/18/202	20:20:44 	40.094	0.0004768	0.0000003	0.5830549	0.0001978	23.6	28.0	100
12/18/202	20:21:06 	40.204	0.0004785	0.0000019	0.5848663	0.0024692	23.6	28.0	99
12/18/202	20:21:28 	40.309	0.0004810	0.0000000	0.5883285	0.0003209	23.6	28.0	97
12/18/202	20:21:49 	40.432	0.0004829	0.0000008	0.5899198	0.0025876	23.6	28.0	98
12/18/202	20:22:11 	40.564	0.0004840	0.0000002	0.5925069	0.0003305	23.6	28.0	100
12/18/202	20:22:33 	40.691	0.0004856	0.0000009	0.5938231	0.0022057	23.6	28.0	100
12/18/202	20:22:55 	40.804	0.0004870	0.0000019	0.5962221	0.0013306	23.6	28.0	100
12/18/202	20:23:17 	40.929	0.0004882	0.0000019	0.5971949	0.0022359	23.5	28.0	100
12/18/202	20:23:39 	41.034	0.0004889	0.0000014	0.5975234	0.0025703	23.5	28.0	100
12/18/202	20:24:01 	41.122	0.0004886	0.0000034	0.5979080	0.0036586	23.5	28.0	100
12/18/202	20:24:23 	41.278	0.0004907	0.0000012	0.5997269	0.0023544	23.5	28.0	99
12/18/202	20:24:44 	41.397	0.0004926	0.0000012	0.6015607	0.0026921	23.5	28.0	99
12/18/202	20:25:06 	41.565	0.0004927	0.0000023	0.6003379	0.0040817	23.6	28.0	100
12/18/202	20:25:28 	41.672	0.0004942	0.0000019	0.6040726	0.0024133	23.6	28.0	99
12/18/202	20:25:50 	41.770	0.0004960	0.0000023	0.6066832	0.0026298	23.6	28.0	97
12/18/202	20:26:12 	41.802	0.0004976	0.0000032	0.6082363	0.0045905	23.6	28.0	98
12/18/202	20:26:34 	41.997	0.0005009	0.0000008	0.6125113	0.0040867	23.6	28.0	99
12/18/202	20:26:56 	42.180	0.0005004	0.0000021	0.6112115	0.0036837	23.5	28.0	99
