12/19/202	2:40:05 	0.000	0.0000000	0.0000000	0.0000006	0.0000002	21.9	28.0	100
12/19/202	2:40:27 A	1.421	0.0000000	0.0000000	0.0000142	0.0000002	21.9	28.0	100
12/19/202	2:40:49 A	1.427	0.0000000	0.0000000	0.0001237	0.0000002	21.9	28.0	100
12/19/202	2:41:11 A	1.492	0.0000010	0.0000000	0.0011378	0.0000003	21.9	28.0	100
12/19/202	2:41:33 A	1.504	0.0000010	0.0000000	0.0013221	0.0000003	21.9	28.0	100
12/19/202	2:41:54 A	1.520	0.0000010	0.0000000	0.0015898	0.0000007	21.9	28.0	100
12/19/202	2:42:16 A	1.548	0.0000020	0.0000000	0.0020260	0.0000012	21.9	28.0	100
12/19/202	2:42:38 A	1.665	0.0000030	0.0000000	0.0037016	0.0000538	21.9	28.0	99
12/19/202	2:43:00 A	1.787	0.0000043	0.0000004	0.0056862	0.0000990	21.9	28.0	100
12/19/202	2:43:22 A	1.904	0.0000060	0.0000000	0.0076077	0.0000784	21.9	28.0	100
12/19/202	2:43:44 A	2.022	0.0000074	0.0000004	0.0094938	0.0000550	21.9	28.0	100
12/19/202	2:44:06 A	2.143	0.0000090	0.0000000	0.0114870	0.0000733	21.9	28.0	99
12/19/202	2:44:28 A	2.262	0.0000109	0.0000002	0.0133204	0.0000821	21.9	28.0	96
12/19/202	2:44:50 A	2.380	0.0000120	0.0000000	0.0152908	0.0001037	21.9	28.0	97
12/19/202	2:45:11 A	2.500	0.0000140	0.0000000	0.0171180	0.0001113	22.0	28.0	100
12/19/202	2:45:33 A	2.619	0.0000150	0.0000000	0.0190381	0.0001863	22.0	28.0	100
12/19/202	2:45:55 A	2.732	0.0000170	0.0000000	0.0208104	0.0000561	22.0	28.0	100
12/19/202	2:46:17 A	2.862	0.0000180	0.0000000	0.0229104	0.0000867	22.0	28.0	100
12/19/202	2:46:39 A	2.979	0.0000200	0.0000000	0.0248303	0.0000456	22.0	28.0	100
12/19/202	2:47:01 A	3.102	0.0000215	0.0000004	0.0268226	0.0001030	21.9	28.0	99
12/19/202	2:47:23 A	3.221	0.0000230	0.0000000	0.0287254	0.0001173	21.9	28.0	99
12/19/202	2:47:45 A	3.337	0.0000246	0.0000004	0.0306243	0.0000970	21.9	28.0	100
12/19/202	2:48:06 A	3.461	0.0000260	0.0000000	0.0326430	0.0000864	21.9	28.0	100
12/19/202	2:48:28 A	3.581	0.0000280	0.0000000	0.0344179	0.0001196	21.9	28.0	98
12/19/202	2:48:50 A	3.702	0.0000290	0.0000000	0.0363294	0.0001685	21.9	28.0	96
12/19/202	2:49:12 A	3.820	0.0000310	0.0000000	0.0382915	0.0001389	21.9	28.0	97
12/19/202	2:49:34 A	3.938	0.0000320	0.0000000	0.0402549	0.0001396	21.9	28.0	100
12/19/202	2:49:56 A	4.072	0.0000340	0.0000000	0.0422282	0.0000634	21.9	28.0	100
12/19/202	2:50:18 A	4.209	0.0000354	0.0000005	0.0440011	0.0001322	21.9	28.0	100
12/19/202	2:50:40 A	4.325	0.0000370	0.0000000	0.0458109	0.0001063	21.9	28.0	100
12/19/202	2:51:02 A	4.450	0.0000386	0.0000004	0.0477959	0.0001462	21.9	28.0	99
12/19/202	2:51:24 A	4.567	0.0000400	0.0000000	0.0496506	0.0001027	21.9	28.0	99
12/19/202	2:51:45 A	4.684	0.0000419	0.0000002	0.0516381	0.0001235	21.9	28.0	98
12/19/202	2:52:07 A	4.803	0.0000430	0.0000000	0.0534631	0.0001224	21.9	28.0	99
12/19/202	2:52:29 A	4.922	0.0000450	0.0000000	0.0554616	0.0001486	21.9	28.0	100
12/19/202	2:52:51 A	5.040	0.0000460	0.0000000	0.0574915	0.0001570	21.9	28.0	95
12/19/202	2:53:13 A	5.167	0.0000480	0.0000000	0.0593970	0.0001775	21.9	28.0	97
12/19/202	2:53:35 A	5.287	0.0000492	0.0000004	0.0613019	0.0001876	21.9	28.0	100
12/19/202	2:53:57 A	5.404	0.0000510	0.0000000	0.0629952	0.0002362	21.8	28.0	100
12/19/202	2:54:19 A	5.523	0.0000520	0.0000000	0.0649590	0.0002065	21.8	28.0	100
12/19/202	2:54:40 A	5.639	0.0000540	0.0000000	0.0668164	0.0001230	21.8	28.0	100
12/19/202	2:55:02 A	5.752	0.0000550	0.0000000	0.0684343	0.0000628	21.8	28.0	100
12/19/202	2:55:24 A	5.869	0.0000570	0.0000000	0.0702858	0.0000783	21.8	28.0	98
12/19/202	2:55:46 A	5.985	0.0000580	0.0000000	0.0721650	0.0000823	21.8	28.0	100
12/19/202	2:56:08 A	6.105	0.0000600	0.0000000	0.0740942	0.0001577	21.8	28.0	100
12/19/202	2:56:30 A	6.225	0.0000611	0.0000003	0.0761385	0.0001364	21.8	28.0	99
12/19/202	2:56:52 A	6.340	0.0000630	0.0000000	0.0780982	0.0001496	21.8	28.0	98
12/19/202	2:57:14 A	6.474	0.0000646	0.0000004	0.0799253	0.0001733	21.8	28.0	100
12/19/202	2:57:36 A	6.618	0.0000660	0.0000000	0.0816795	0.0001425	21.9	28.0	97
12/19/202	2:57:57 A	6.732	0.0000680	0.0000000	0.0835906	0.0001105	21.9	28.0	98
12/19/202	2:58:19 A	6.850	0.0000690	0.0000000	0.0855722	0.0001248	21.9	28.0	100
12/19/202	2:58:41 A	6.982	0.0000710	0.0000000	0.0874595	0.0000903	21.9	28.0	100
12/19/202	2:59:03 A	7.103	0.0000720	0.0000000	0.0893542	0.0001943	21.9	28.0	99
12/19/202	2:59:25 A	7.232	0.0000741	0.0000003	0.0913908	0.0003499	21.8	28.0	100
12/19/202	2:59:47 A	7.342	0.0000759	0.0000001	0.0933277	0.0001565	21.8	28.0	100
12/19/202	3:00:09 A	7.457	0.0000770	0.0000000	0.0950981	0.0001166	21.8	28.0	99
12/19/202	3:00:31 A	7.574	0.0000788	0.0000003	0.0970590	0.0001328	21.8	28.0	100
12/19/202	3:00:52 A	7.690	0.0000800	0.0000000	0.0987886	0.0001271	21.8	28.0	99
12/19/202	3:01:14 A	7.808	0.0000816	0.0000004	0.1006984	0.0001504	21.8	28.0	98
12/19/202	3:01:36 A	7.927	0.0000830	0.0000000	0.1025253	0.0002044	21.8	28.0	96
12/19/202	3:01:58 A	8.045	0.0000850	0.0000000	0.1044582	0.0001361	21.8	28.0	97
12/19/202	3:02:20 A	8.162	0.0000860	0.0000000	0.1062294	0.0002193	21.8	28.0	100
12/19/202	3:02:42 A	8.281	0.0000880	0.0000000	0.1081965	0.0002223	21.8	28.0	100
12/19/202	3:03:04 A	8.412	0.0000895	0.0000004	0.1104271	0.0002411	21.8	28.0	99
12/19/202	3:03:26 A	8.542	0.0000910	0.0000000	0.1122784	0.0001261	21.8	28.0	100
12/19/202	3:03:47 A	8.650	0.0000926	0.0000004	0.1142350	0.0000890	21.8	28.0	100
12/19/202	3:04:09 A	8.766	0.0000939	0.0000002	0.1161768	0.0001512	21.8	28.0	99
12/19/202	3:04:31 A	8.880	0.0000960	0.0000000	0.1181923	0.0001284	21.8	28.0	99
12/19/202	3:04:53 A	9.015	0.0000970	0.0000002	0.1201161	0.0002471	21.8	28.0	100
12/19/202	3:05:15 A	9.151	0.0000990	0.0000000	0.1220438	0.0001843	21.8	28.0	100
12/19/202	3:05:37 A	9.280	0.0001008	0.0000003	0.1239283	0.0002781	21.8	28.0	100
12/19/202	3:05:59 A	9.398	0.0001021	0.0000003	0.1259998	0.0003932	21.8	28.0	96
12/19/202	3:06:21 A	9.522	0.0001039	0.0000001	0.1275960	0.0003371	21.8	28.0	96
12/19/202	3:06:43 A	9.646	0.0001051	0.0000003	0.1294186	0.0003765	21.8	28.0	100
12/19/202	3:07:04 A	9.778	0.0001069	0.0000001	0.1313983	0.0001452	21.8	28.0	100
12/19/202	3:07:26 A	9.889	0.0001081	0.0000003	0.1331870	0.0002724	21.8	28.0	100
12/19/202	3:07:48 A	10.017	0.0001100	0.0000000	0.1351760	0.0002978	21.8	28.0	100
12/19/202	3:08:10 A	10.130	0.0001115	0.0000005	0.1376260	0.0005112	21.8	28.0	100
12/19/202	3:08:32 A	10.234	0.0001135	0.0000005	0.1402719	0.0005893	21.8	28.0	99
12/19/202	3:08:54 A	10.367	0.0001149	0.0000003	0.1419765	0.0002539	21.8	28.0	99
12/19/202	3:09:16 A	10.490	0.0001160	0.0000002	0.1435562	0.0002649	21.8	28.0	100
12/19/202	3:09:38 A	10.624	0.0001178	0.0000007	0.1459351	0.0009307	21.8	28.0	100
12/19/202	3:09:59 A	10.737	0.0001194	0.0000005	0.1483413	0.0009870	21.8	28.0	96
12/19/202	3:10:21 A	10.856	0.0001210	0.0000000	0.1498777	0.0008307	21.8	28.0	97
12/19/202	3:10:43 A	10.966	0.0001225	0.0000006	0.1514970	0.0008105	21.8	28.0	97
12/19/202	3:11:05 A	11.094	0.0001243	0.0000006	0.1538659	0.0011210	21.8	28.0	99
12/19/202	3:11:27 A	11.213	0.0001258	0.0000006	0.1555196	0.0009070	21.8	28.0	100
12/19/202	3:11:49 A	11.327	0.0001273	0.0000004	0.1573634	0.0004415	21.8	28.0	100
12/19/202	3:12:11 A	11.440	0.0001287	0.0000005	0.1593891	0.0005365	21.7	28.0	100
12/19/202	3:12:33 A	11.593	0.0001304	0.0000005	0.1614326	0.0004339	21.7	28.0	100
12/19/202	3:12:54 A	11.702	0.0001315	0.0000005	0.1627187	0.0008766	21.7	28.0	100
12/19/202	3:13:16 A	11.820	0.0001331	0.0000003	0.1646924	0.0006775	21.7	28.0	99
12/19/202	3:13:38 A	11.928	0.0001347	0.0000005	0.1667769	0.0007067	21.7	28.0	98
12/19/202	3:14:00 A	12.043	0.0001367	0.0000007	0.1689572	0.0008457	21.8	28.0	98
12/19/202	3:14:22 A	12.165	0.0001383	0.0000008	0.1707042	0.0006099	21.8	28.0	99
12/19/202	3:14:44 A	12.292	0.0001395	0.0000008	0.1724732	0.0006278	21.8	28.0	100
12/19/202	3:15:06 A	12.398	0.0001412	0.0000010	0.1742314	0.0009218	21.8	28.0	100
12/19/202	3:15:28 A	12.525	0.0001429	0.0000009	0.1762517	0.0010085	21.8	28.0	100
12/19/202	3:15:50 A	12.600	0.0001443	0.0000009	0.1780357	0.0008713	21.8	28.0	100
12/19/202	3:16:11 A	12.758	0.0001470	0.0000015	0.1815663	0.0015170	21.8	28.0	100
12/19/202	3:16:33 A	12.837	0.0001484	0.0000017	0.1836986	0.0014992	21.8	28.0	100
12/19/202	3:16:55 A	12.965	0.0001500	0.0000013	0.1847533	0.0014267	21.8	28.0	99
12/19/202	3:17:17 A	13.080	0.0001507	0.0000011	0.1859803	0.0010744	21.8	28.0	98
12/19/202	3:17:39 A	13.264	0.0001527	0.0000014	0.1885181	0.0016963	21.7	28.0	97
12/19/202	3:18:01 A	13.333	0.0001545	0.0000015	0.1905931	0.0016620	21.7	28.0	98
12/19/202	3:18:23 A	13.469	0.0001553	0.0000008	0.1918076	0.0010478	21.7	28.0	98
12/19/202	3:18:45 A	13.580	0.0001581	0.0000018	0.1939658	0.0017242	21.7	28.0	99
12/19/202	3:19:06 A	13.707	0.0001583	0.0000005	0.1950611	0.0005219	21.7	28.0	96
12/19/202	3:19:28 A	13.806	0.0001601	0.0000014	0.1976979	0.0018389	21.7	28.0	98
12/19/202	3:19:50 A	13.926	0.0001626	0.0000013	0.2006107	0.0019555	21.7	28.0	100
12/19/202	3:20:12 A	14.078	0.0001640	0.0000015	0.2025474	0.0022830	21.7	28.0	99
12/19/202	3:20:34 A	14.201	0.0001651	0.0000013	0.2046194	0.0024128	21.7	28.0	100
12/19/202	3:20:56 A	14.310	0.0001664	0.0000010	0.2046810	0.0009401	21.7	28.0	100
12/19/202	3:21:18 A	14.438	0.0001678	0.0000017	0.2069186	0.0019678	21.7	28.0	100
12/19/202	3:21:40 A	14.546	0.0001692	0.0000005	0.2093033	0.0017344	21.7	28.0	98
12/19/202	3:22:01 A	14.668	0.0001701	0.0000003	0.2101104	0.0001220	21.7	28.0	98
12/19/202	3:22:23 A	14.774	0.0001723	0.0000008	0.2129657	0.0014609	21.7	28.0	100
12/19/202	3:22:45 A	14.889	0.0001749	0.0000011	0.2164694	0.0023644	21.7	28.0	99
12/19/202	3:23:07 A	15.020	0.0001750	0.0000002	0.2159307	0.0004383	21.7	28.0	97
12/19/202	3:23:29 A	15.125	0.0001769	0.0000011	0.2189700	0.0017009	21.7	28.0	100
12/19/202	3:23:51 A	15.244	0.0001784	0.0000008	0.2197323	0.0009159	21.7	28.0	100
12/19/202	3:24:13 A	15.358	0.0001796	0.0000012	0.2230376	0.0028201	21.7	28.0	100
12/19/202	3:24:35 A	15.483	0.0001810	0.0000000	0.2225175	0.0000450	21.7	28.0	100
12/19/202	3:24:57 A	15.594	0.0001823	0.0000008	0.2247966	0.0011785	21.7	28.0	100
12/19/202	3:25:18 A	15.704	0.0001841	0.0000005	0.2265223	0.0009300	21.7	28.0	99
12/19/202	3:25:40 A	15.823	0.0001853	0.0000005	0.2282408	0.0005974	21.7	28.0	100
12/19/202	3:26:02 A	15.944	0.0001870	0.0000002	0.2299764	0.0006701	21.7	28.0	100
12/19/202	3:26:24 A	16.052	0.0001880	0.0000001	0.2315521	0.0004087	21.7	28.0	100
12/19/202	3:26:46 A	16.166	0.0001898	0.0000003	0.2334110	0.0003961	21.7	28.0	98
12/19/202	3:27:08 A	16.263	0.0001910	0.0000003	0.2354762	0.0002929	21.7	28.0	99
12/19/202	3:27:30 A	16.416	0.0001930	0.0000002	0.2372341	0.0004657	21.7	28.0	97
12/19/202	3:27:52 A	16.553	0.0001940	0.0000002	0.2388865	0.0004053	21.7	28.0	97
12/19/202	3:28:14 A	16.666	0.0001960	0.0000000	0.2408942	0.0001319	21.7	28.0	100
12/19/202	3:28:36 A	16.786	0.0001970	0.0000000	0.2426102	0.0000980	21.7	28.0	100
12/19/202	3:28:57 A	16.904	0.0001994	0.0000006	0.2451759	0.0010574	21.7	28.0	100
12/19/202	3:29:19 A	17.035	0.0002006	0.0000007	0.2466637	0.0007258	21.7	28.0	100
12/19/202	3:29:41 A	17.142	0.0002020	0.0000002	0.2483419	0.0006254	21.7	28.0	100
12/19/202	3:30:03 A	17.261	0.0002030	0.0000002	0.2500750	0.0005491	21.7	28.0	100
12/19/202	3:30:25 A	17.386	0.0002050	0.0000002	0.2518554	0.0005910	21.7	28.0	100
12/19/202	3:30:47 A	17.492	0.0002065	0.0000005	0.2539704	0.0000954	21.7	28.0	100
12/19/202	3:31:09 A	17.582	0.0002083	0.0000006	0.2567091	0.0011455	21.7	28.0	99
12/19/202	3:31:31 A	17.737	0.0002101	0.0000003	0.2587306	0.0011147	21.7	28.0	97
12/19/202	3:31:53 A	17.858	0.0002112	0.0000004	0.2601945	0.0001945	21.6	28.0	97
12/19/202	3:32:14 A	17.971	0.0002130	0.0000002	0.2622037	0.0002478	21.6	28.0	98
12/19/202	3:32:36 A	18.108	0.0002169	0.0000025	0.2656751	0.0024979	21.6	28.0	100
12/19/202	3:32:58 A	18.215	0.0002173	0.0000023	0.2673845	0.0021199	21.6	28.0	100
12/19/202	3:33:20 A	18.368	0.0002185	0.0000010	0.2692661	0.0019864	21.6	28.0	99
12/19/202	3:33:42 A	18.475	0.0002198	0.0000012	0.2704114	0.0010262	21.6	28.0	100
12/19/202	3:34:04 A	18.569	0.0002212	0.0000006	0.2721626	0.0006630	21.6	28.0	98
12/19/202	3:34:26 A	18.685	0.0002234	0.0000008	0.2742079	0.0010546	21.6	28.0	98
12/19/202	3:34:48 A	18.816	0.0002243	0.0000010	0.2757623	0.0007382	21.6	28.0	100
12/19/202	3:35:09 A	18.933	0.0002260	0.0000000	0.2774962	0.0001797	21.6	28.0	99
12/19/202	3:35:31 A	19.064	0.0002275	0.0000005	0.2793467	0.0001799	21.6	28.0	97
12/19/202	3:35:53 A	19.190	0.0002290	0.0000000	0.2813785	0.0001165	21.6	28.0	97
12/19/202	3:36:15 A	19.300	0.0002310	0.0000003	0.2835785	0.0001860	21.6	28.0	96
12/19/202	3:36:37 A	19.420	0.0002320	0.0000003	0.2854569	0.0003674	21.6	28.0	100
12/19/202	3:36:59 A	19.547	0.0002340	0.0000001	0.2879592	0.0001508	21.6	28.0	100
12/19/202	3:37:21 A	19.673	0.0002360	0.0000002	0.2903682	0.0001065	21.6	28.0	100
12/19/202	3:37:43 A	19.787	0.0002372	0.0000004	0.2920729	0.0001406	21.6	28.0	100
12/19/202	3:38:05 A	19.906	0.0002390	0.0000001	0.2943646	0.0002924	21.6	28.0	100
12/19/202	3:38:26 A	20.023	0.0002410	0.0000000	0.2962235	0.0000882	21.6	28.0	100
12/19/202	3:38:48 A	20.138	0.0002425	0.0000006	0.2982211	0.0002340	21.6	28.0	100
12/19/202	3:39:10 A	20.273	0.0002440	0.0000002	0.3005702	0.0002043	21.6	28.0	99
12/19/202	3:39:32 A	20.398	0.0002460	0.0000003	0.3029710	0.0004321	21.6	28.0	97
12/19/202	3:39:54 A	20.563	0.0002488	0.0000020	0.3059300	0.0014786	21.6	28.0	100
12/19/202	3:40:16 A	20.647	0.0002501	0.0000014	0.3072874	0.0011685	21.6	28.0	97
12/19/202	3:40:38 A	20.745	0.0002524	0.0000019	0.3097296	0.0012461	21.6	28.0	97
12/19/202	3:41:00 A	20.797	0.0002540	0.0000018	0.3115044	0.0009158	21.6	28.0	100
12/19/202	3:41:21 A	21.004	0.0002574	0.0000020	0.3133621	0.0009096	21.6	28.0	98
12/19/202	3:41:43 A	21.101	0.0002550	0.0000003	0.3149017	0.0017625	21.6	28.0	100
12/19/202	3:42:05 A	21.244	0.0002576	0.0000011	0.3171731	0.0011502	21.6	28.0	100
12/19/202	3:42:27 A	21.316	0.0002590	0.0000001	0.3189152	0.0002131	21.6	28.0	100
12/19/202	3:42:49 A	21.488	0.0002605	0.0000015	0.3209993	0.0013692	21.6	28.0	100
12/19/202	3:43:11 A	21.630	0.0002638	0.0000032	0.3246844	0.0036844	21.6	28.0	98
12/19/202	3:43:33 A	21.653	0.0002637	0.0000016	0.3246245	0.0015748	21.6	28.0	98
12/19/202	3:43:55 A	21.835	0.0002645	0.0000005	0.3259613	0.0003402	21.6	28.0	100
12/19/202	3:44:17 A	21.925	0.0002659	0.0000001	0.3277386	0.0003417	21.6	28.0	97
12/19/202	3:44:38 A	22.007	0.0002679	0.0000002	0.3297255	0.0006401	21.6	28.0	97
12/19/202	3:45:00 A	22.175	0.0002690	0.0000002	0.3315822	0.0003775	21.6	28.0	100
12/19/202	3:45:22 A	22.270	0.0002710	0.0000000	0.3343421	0.0005156	21.6	28.0	100
12/19/202	3:45:44 A	22.399	0.0002726	0.0000010	0.3369432	0.0010397	21.6	28.0	100
12/19/202	3:46:06 A	22.496	0.0002742	0.0000006	0.3379385	0.0007600	21.6	28.0	100
12/19/202	3:46:28 A	22.595	0.0002760	0.0000009	0.3392693	0.0007537	21.6	28.0	100
12/19/202	3:46:50 A	22.744	0.0002771	0.0000004	0.3422666	0.0009760	21.6	28.0	100
12/19/202	3:47:12 A	22.881	0.0002786	0.0000007	0.3438502	0.0007233	21.6	28.0	99
12/19/202	3:47:33 A	23.013	0.0002816	0.0000013	0.3467998	0.0010043	21.6	28.0	99
12/19/202	3:47:55 A	23.163	0.0002844	0.0000031	0.3495464	0.0028907	21.6	28.0	100
12/19/202	3:48:17 A	23.331	0.0002877	0.0000040	0.3520738	0.0035589	21.6	28.0	98
12/19/202	3:48:39 A	23.431	0.0002871	0.0000027	0.3523283	0.0025264	21.6	28.0	97
12/19/202	3:49:01 A	23.517	0.0002873	0.0000020	0.3525629	0.0013791	21.6	28.0	98
12/19/202	3:49:23 A	23.635	0.0002926	0.0000031	0.3563513	0.0034776	21.6	28.0	100
12/19/202	3:49:45 A	23.750	0.0002907	0.0000025	0.3565325	0.0036366	21.6	28.0	99
12/19/202	3:50:07 A	23.843	0.0002907	0.0000012	0.3568897	0.0012653	21.6	28.0	100
12/19/202	3:50:28 A	23.977	0.0002949	0.0000033	0.3605039	0.0028874	21.6	28.0	100
12/19/202	3:50:50 A	24.055	0.0002936	0.0000012	0.3590590	0.0017303	21.6	28.0	99
12/19/202	3:51:12 A	24.153	0.0002943	0.0000012	0.3605059	0.0010729	21.6	28.0	100
12/19/202	3:51:34 A	24.263	0.0002930	0.0000021	0.3599812	0.0024641	21.6	28.0	100
12/19/202	3:51:56 A	24.380	0.0002946	0.0000020	0.3620926	0.0013075	21.6	28.0	99
12/19/202	3:52:18 A	24.485	0.0002974	0.0000013	0.3646688	0.0007080	21.6	28.0	98
12/19/202	3:52:40 A	24.584	0.0002991	0.0000010	0.3665625	0.0010602	21.6	28.0	100
12/19/202	3:53:02 A	24.713	0.0003011	0.0000017	0.3687644	0.0014662	21.6	28.0	98
12/19/202	3:53:24 A	24.845	0.0002999	0.0000030	0.3690244	0.0021200	21.6	28.0	96
12/19/202	3:53:45 A	24.960	0.0003039	0.0000025	0.3731889	0.0027726	21.6	28.0	100
12/19/202	3:54:07 A	25.110	0.0003052	0.0000006	0.3743484	0.0007955	21.6	28.0	100
12/19/202	3:54:29 A	25.230	0.0003075	0.0000015	0.3772612	0.0022298	21.6	28.0	100
12/19/202	3:54:51 A	25.366	0.0003086	0.0000017	0.3800342	0.0041434	21.6	28.0	100
12/19/202	3:55:13 A	25.381	0.0003108	0.0000015	0.3826747	0.0034406	21.6	28.0	100
12/19/202	3:55:35 A	25.541	0.0003112	0.0000005	0.3823701	0.0026017	21.6	28.0	99
12/19/202	3:55:57 A	25.616	0.0003136	0.0000011	0.3854125	0.0032015	21.6	28.0	99
12/19/202	3:56:19 A	25.789	0.0003156	0.0000027	0.3873316	0.0035390	21.6	28.0	100
12/19/202	3:56:40 A	25.973	0.0003176	0.0000030	0.3888977	0.0055459	21.6	28.0	97
12/19/202	3:57:02 A	26.019	0.0003203	0.0000030	0.3909057	0.0053171	21.6	28.0	100
12/19/202	3:57:24 A	26.262	0.0003223	0.0000037	0.3940233	0.0059985	21.6	28.0	100
12/19/202	3:57:46 A	26.249	0.0003220	0.0000018	0.3950195	0.0040961	21.6	28.0	97
12/19/202	3:58:08 A	26.437	0.0003233	0.0000010	0.3956835	0.0036924	21.6	28.0	100
12/19/202	3:58:30 A	26.544	0.0003251	0.0000022	0.3995854	0.0043216	21.6	28.0	100
12/19/202	3:58:52 A	26.658	0.0003275	0.0000022	0.4023424	0.0040508	21.6	28.0	100
12/19/202	3:59:14 A	26.763	0.0003285	0.0000024	0.4037500	0.0044920	21.6	28.0	100
12/19/202	3:59:36 A	26.882	0.0003296	0.0000018	0.4044354	0.0037573	21.6	28.0	100
12/19/202	3:59:57 A	27.001	0.0003319	0.0000016	0.4071248	0.0028156	21.6	28.0	100
12/19/202	4:00:19 A	27.126	0.0003329	0.0000002	0.4078213	0.0008512	21.6	28.0	99
12/19/202	4:00:41 A	27.245	0.0003342	0.0000008	0.4098012	0.0016252	21.6	28.0	98
12/19/202	4:01:03 A	27.363	0.0003360	0.0000000	0.4112877	0.0008827	21.6	28.0	99
12/19/202	4:01:25 A	27.485	0.0003382	0.0000010	0.4138564	0.0019695	21.6	28.0	99
12/19/202	4:01:47 A	27.602	0.0003400	0.0000010	0.4165476	0.0026485	21.6	28.0	97
12/19/202	4:02:09 A	27.712	0.0003413	0.0000007	0.4181649	0.0020494	21.6	28.0	100
12/19/202	4:02:31 A	27.863	0.0003433	0.0000017	0.4207252	0.0028154	21.6	28.0	100
12/19/202	4:02:52 A	27.966	0.0003454	0.0000019	0.4219375	0.0019999	21.6	28.0	100
12/19/202	4:03:14 A	28.080	0.0003475	0.0000028	0.4240334	0.0026847	21.6	28.0	99
12/19/202	4:03:36 A	28.194	0.0003480	0.0000001	0.4249022	0.0001284	21.6	28.0	100
12/19/202	4:03:58 A	28.308	0.0003490	0.0000000	0.4269689	0.0000892	21.6	28.0	100
12/19/202	4:04:20 A	28.427	0.0003509	0.0000004	0.4291554	0.0008725	21.6	28.0	100
12/19/202	4:04:42 A	28.550	0.0003523	0.0000012	0.4313930	0.0022449	21.5	28.0	100
12/19/202	4:05:04 A	28.663	0.0003544	0.0000017	0.4355682	0.0030605	21.5	28.0	100
12/19/202	4:05:26 A	28.773	0.0003576	0.0000041	0.4419803	0.0085140	21.5	28.0	98
12/19/202	4:05:48 A	28.888	0.0003572	0.0000023	0.4395476	0.0039130	21.5	28.0	97
12/19/202	4:06:09 A	29.022	0.0003587	0.0000016	0.4410798	0.0026463	21.5	28.0	100
12/19/202	4:06:31 A	29.199	0.0003600	0.0000028	0.4431244	0.0049535	21.5	28.0	96
12/19/202	4:06:53 A	29.276	0.0003609	0.0000001	0.4418847	0.0003244	21.5	28.0	100
12/19/202	4:07:15 A	29.367	0.0003619	0.0000004	0.4434291	0.0004572	21.5	28.0	100
12/19/202	4:07:37 A	29.470	0.0003641	0.0000009	0.4452609	0.0013481	21.5	28.0	100
12/19/202	4:07:59 A	29.579	0.0003648	0.0000010	0.4465304	0.0017333	21.5	28.0	99
12/19/202	4:08:21 A	29.695	0.0003661	0.0000006	0.4483221	0.0008013	21.5	28.0	100
12/19/202	4:08:43 A	29.817	0.0003671	0.0000003	0.4495409	0.0000812	21.5	28.0	100
12/19/202	4:09:04 A	29.920	0.0003689	0.0000002	0.4513018	0.0002498	21.5	28.0	97
12/19/202	4:09:26 A	30.029	0.0003699	0.0000001	0.4524173	0.0001917	21.5	28.0	100
12/19/202	4:09:48 A	30.137	0.0003716	0.0000015	0.4542990	0.0011250	21.5	28.0	100
12/19/202	4:10:10 A	30.240	0.0003728	0.0000004	0.4556350	0.0002107	21.5	28.0	97
12/19/202	4:10:32 A	30.367	0.0003739	0.0000002	0.4571717	0.0001750	21.5	28.0	96
12/19/202	4:10:54 A	30.484	0.0003750	0.0000001	0.4591165	0.0001905	21.5	28.0	99
12/19/202	4:11:16 A	30.593	0.0003770	0.0000000	0.4605071	0.0003590	21.5	28.0	100
12/19/202	4:11:38 A	30.703	0.0003780	0.0000005	0.4624910	0.0013825	21.5	28.0	100
12/19/202	4:12:00 A	30.837	0.0003798	0.0000006	0.4645548	0.0011655	21.4	28.0	100
12/19/202	4:12:21 A	31.021	0.0003816	0.0000014	0.4669259	0.0023709	21.4	28.0	100
12/19/202	4:12:43 A	31.082	0.0003822	0.0000005	0.4681830	0.0028108	21.4	28.0	100
12/19/202	4:13:05 A	31.177	0.0003842	0.0000014	0.4731005	0.0068797	21.4	28.0	98
12/19/202	4:13:27 A	31.286	0.0003858	0.0000006	0.4718395	0.0008578	21.4	28.0	100
12/19/202	4:13:49 A	31.435	0.0003880	0.0000012	0.4754024	0.0025994	21.4	28.0	100
12/19/202	4:14:11 A	31.539	0.0003884	0.0000008	0.4754802	0.0017650	21.4	28.0	96
12/19/202	4:14:33 A	31.648	0.0003899	0.0000001	0.4761541	0.0002449	21.4	28.0	99
12/19/202	4:14:55 A	31.769	0.0003910	0.0000000	0.4776422	0.0001806	21.4	28.0	100
12/19/202	4:15:16 A	31.861	0.0003925	0.0000006	0.4799591	0.0012746	21.4	28.0	99
12/19/202	4:15:38 A	31.997	0.0003940	0.0000004	0.4808165	0.0003972	21.4	28.0	99
12/19/202	4:16:00 A	32.102	0.0003950	0.0000005	0.4824604	0.0006248	21.4	28.0	100
12/19/202	4:16:22 A	32.206	0.0003970	0.0000000	0.4844503	0.0003690	21.4	28.0	100
12/19/202	4:16:44 A	32.292	0.0003985	0.0000012	0.4875473	0.0027946	21.4	28.0	100
12/19/202	4:17:06 A	32.435	0.0004001	0.0000007	0.4882962	0.0009466	21.4	28.0	100
12/19/202	4:17:28 A	32.557	0.0004021	0.0000005	0.4921796	0.0040499	21.4	28.0	98
12/19/202	4:17:50 A	32.684	0.0004031	0.0000004	0.4923037	0.0005877	21.4	28.0	100
12/19/202	4:18:12 A	32.807	0.0004050	0.0000002	0.4942522	0.0008273	21.4	28.0	99
12/19/202	4:18:33 A	32.928	0.0004066	0.0000005	0.4957788	0.0002273	21.4	28.0	100
12/19/202	4:18:55 A	33.041	0.0004084	0.0000008	0.4988126	0.0010651	21.4	28.0	100
12/19/202	4:19:17 A	33.162	0.0004099	0.0000002	0.5005319	0.0001535	21.4	28.0	97
12/19/202	4:19:39 A	33.289	0.0004118	0.0000003	0.5028444	0.0002525	21.4	28.0	100
12/19/202	4:20:01 A	33.410	0.0004130	0.0000001	0.5048357	0.0003038	21.4	28.0	100
12/19/202	4:20:23 A	33.530	0.0004150	0.0000002	0.5071578	0.0005373	21.4	28.0	100
12/19/202	4:20:45 A	33.641	0.0004170	0.0000000	0.5094481	0.0001005	21.4	28.0	100
12/19/202	4:21:07 A	33.756	0.0004182	0.0000004	0.5112698	0.0002262	21.4	28.0	100
12/19/202	4:21:28 A	33.920	0.0004200	0.0000000	0.5135523	0.0002055	21.4	28.0	100
12/19/202	4:21:50 A	34.041	0.0004219	0.0000001	0.5157396	0.0005001	21.4	28.0	99
12/19/202	4:22:12 A	34.154	0.0004239	0.0000001	0.5176162	0.0003457	21.4	28.0	97
12/19/202	4:22:34 A	34.284	0.0004259	0.0000001	0.5205815	0.0002528	21.4	28.0	100
12/19/202	4:22:56 A	34.410	0.0004280	0.0000001	0.5230004	0.0002409	21.4	28.0	95
12/19/202	4:23:18 A	34.540	0.0004306	0.0000030	0.5263365	0.0020502	21.4	28.0	99
12/19/202	4:23:40 A	34.658	0.0004318	0.0000003	0.5281150	0.0004163	21.4	28.0	100
12/19/202	4:24:02 A	34.775	0.0004339	0.0000003	0.5312307	0.0003683	21.4	28.0	100
12/19/202	4:24:23 A	34.899	0.0004352	0.0000004	0.5334297	0.0002304	21.4	28.0	100
12/19/202	4:24:45 A	35.026	0.0004373	0.0000008	0.5367482	0.0003749	21.4	28.0	100
12/19/202	4:25:07 A	35.142	0.0004391	0.0000004	0.5392775	0.0011781	21.4	28.0	100
12/19/202	4:25:29 A	35.259	0.0004414	0.0000012	0.5416189	0.0019453	21.4	28.0	100
12/19/202	4:25:51 A	35.373	0.0004429	0.0000008	0.5435659	0.0004035	21.4	28.0	100
12/19/202	4:26:13 A	35.490	0.0004449	0.0000003	0.5461351	0.0004430	21.4	28.0	100
12/19/202	4:26:35 A	35.602	0.0004462	0.0000013	0.5481289	0.0006235	21.4	28.0	98
12/19/202	4:26:57 A	35.718	0.0004470	0.0000000	0.5491843	0.0002478	21.4	28.0	98
12/19/202	4:27:19 A	35.832	0.0004490	0.0000001	0.5515039	0.0009036	21.4	28.0	100
12/19/202	4:27:40 A	35.940	0.0004499	0.0000001	0.5521285	0.0001411	21.4	28.0	98
12/19/202	4:28:02 A	36.057	0.0004510	0.0000001	0.5534624	0.0003155	21.4	28.0	100
12/19/202	4:28:24 A	36.167	0.0004524	0.0000004	0.5545963	0.0002071	21.4	27.0	100
12/19/202	4:28:46 A	36.307	0.0004538	0.0000003	0.5558988	0.0002605	21.4	27.0	100
12/19/202	4:29:08 A	36.424	0.0004546	0.0000004	0.5568407	0.0003897	21.4	27.0	99
12/19/202	4:29:30 A	36.549	0.0004560	0.0000001	0.5591078	0.0002469	21.4	27.0	100
12/19/202	4:29:52 A	36.647	0.0004570	0.0000001	0.5596861	0.0005691	21.4	27.0	100
12/19/202	4:30:14 A	36.748	0.0004587	0.0000004	0.5616086	0.0013898	21.4	28.0	99
12/19/202	4:30:35 A	36.840	0.0004595	0.0000007	0.5620303	0.0008486	21.4	28.0	100
12/19/202	4:30:57 A	36.951	0.0004609	0.0000002	0.5629398	0.0004355	21.4	28.0	98
12/19/202	4:31:19 A	37.062	0.0004620	0.0000006	0.5642341	0.0007147	21.4	28.0	97
12/19/202	4:31:41 A	37.187	0.0004630	0.0000002	0.5656532	0.0003611	21.4	28.0	97
12/19/202	4:32:03 A	37.281	0.0004640	0.0000002	0.5668266	0.0002529	21.4	28.0	97
12/19/202	4:32:25 A	37.384	0.0004650	0.0000005	0.5680496	0.0004729	21.4	28.0	100
12/19/202	4:32:47 A	37.463	0.0004665	0.0000015	0.5702166	0.0036274	21.4	28.0	100
12/19/202	4:33:09 A	37.570	0.0004680	0.0000002	0.5704310	0.0003126	21.4	28.0	99
12/19/202	4:33:31 A	37.682	0.0004693	0.0000004	0.5720090	0.0003086	21.4	28.0	100
12/19/202	4:33:52 A	37.780	0.0004708	0.0000010	0.5737366	0.0022286	21.3	28.0	100
12/19/202	4:34:14 A	37.837	0.0004720	0.0000003	0.5755278	0.0007691	21.3	28.0	98
12/19/202	4:34:36 A	37.959	0.0004736	0.0000008	0.5772072	0.0022449	21.3	28.0	100
12/19/202	4:34:58 A	38.069	0.0004750	0.0000000	0.5793513	0.0004069	21.3	28.0	100
12/19/202	4:35:20 A	38.196	0.0004771	0.0000005	0.5812623	0.0010107	21.3	28.0	100
12/19/202	4:35:42 A	38.299	0.0004780	0.0000002	0.5829175	0.0004338	21.3	28.0	97
12/19/202	4:36:04 A	38.428	0.0004798	0.0000003	0.5844887	0.0004123	21.3	28.0	99
12/19/202	4:36:26 A	38.543	0.0004810	0.0000001	0.5866040	0.0001708	21.3	28.0	97
12/19/202	4:36:47 A	38.654	0.0004833	0.0000004	0.5893074	0.0002209	21.3	28.0	100
12/19/202	4:37:09 A	38.793	0.0004850	0.0000000	0.5913193	0.0001259	21.3	28.0	100
12/19/202	4:37:31 A	38.916	0.0004870	0.0000000	0.5931272	0.0001718	21.3	28.0	100
12/19/202	4:37:53 A	39.031	0.0004891	0.0000003	0.5959297	0.0003154	21.3	28.0	100
12/19/202	4:38:15 A	39.135	0.0004909	0.0000002	0.5977261	0.0004792	21.3	28.0	99
12/19/202	4:38:37 A	39.243	0.0004929	0.0000002	0.6009852	0.0002252	21.3	28.0	99
12/19/202	4:38:59 A	39.346	0.0004950	0.0000000	0.6038239	0.0002481	21.3	28.0	100
12/19/202	4:39:21 A	39.463	0.0004970	0.0000000	0.6063747	0.0003232	21.2	28.0	100
12/19/202	4:39:42 A	39.582	0.0004987	0.0000004	0.6084183	0.0003205	21.2	28.0	100
12/19/202	4:40:04 A	39.716	0.0005004	0.0000005	0.6104734	0.0001002	21.2	28.0	99
12/19/202	4:40:26 A	39.838	0.0005019	0.0000002	0.6120813	0.0004004	21.2	28.0	97
12/19/202	4:40:48 A	39.956	0.0005038	0.0000005	0.6148505	0.0002577	21.2	28.0	97
12/19/202	4:41:10 A	40.061	0.0005050	0.0000006	0.6165027	0.0004253	21.3	28.0	100
12/19/202	4:41:32 A	40.166	0.0005070	0.0000000	0.6183577	0.0002197	21.3	28.0	100
12/19/202	4:41:54 A	40.302	0.0005083	0.0000004	0.6206688	0.0004415	21.3	28.0	100
12/19/202	4:42:16 A	40.425	0.0005100	0.0000002	0.6230683	0.0002090	21.3	28.0	100
12/19/202	4:42:38 A	40.522	0.0005115	0.0000005	0.6245355	0.0005964	21.3	28.0	100
12/19/202	4:42:59 A	40.642	0.0005130	0.0000002	0.6264118	0.0004927	21.3	28.0	99
12/19/202	4:43:21 A	40.782	0.0005146	0.0000004	0.6281458	0.0005403	21.3	28.0	100
12/19/202	4:43:43 A	40.908	0.0005158	0.0000004	0.6292899	0.0005908	21.3	28.0	100
12/19/202	4:44:05 A	41.027	0.0005169	0.0000010	0.6312490	0.0014066	21.3	28.0	99
12/19/202	4:44:27 A	41.143	0.0005185	0.0000004	0.6325011	0.0013039	21.3	28.0	97
12/19/202	4:44:49 A	41.271	0.0005199	0.0000006	0.6341162	0.0010758	21.3	28.0	97
12/19/202	4:45:11 A	41.388	0.0005215	0.0000005	0.6368766	0.0010269	21.3	28.0	98
12/19/202	4:45:33 A	41.515	0.0005237	0.0000004	0.6380105	0.0019742	21.3	28.0	99
12/19/202	4:45:54 A	41.620	0.0005241	0.0000016	0.6389460	0.0023095	21.3	28.0	100
12/19/202	4:46:16 A	41.673	0.0005255	0.0000010	0.6396887	0.0051937	21.3	28.0	100
12/19/202	4:46:38 A	41.859	0.0005268	0.0000022	0.6421540	0.0016519	21.2	28.0	100
12/19/202	4:47:00 A	41.963	0.0005282	0.0000009	0.6435507	0.0013198	21.2	28.0	100
12/19/202	4:47:22 A	42.094	0.0005299	0.0000001	0.6457948	0.0004355	21.2	28.0	100
