2024-09-13-04:06:29	0.000	66762.000000000	67526.000000000	0.000002161	0.000000217	21.9	35.0	71361
2024-09-13-04:06:52	2.200	3872326.000000000	209496478.000000000	0.010980392	0.000117814	21.9	35.0	71582
2024-09-13-04:07:15	3.190	9049078.000000000	1143045482.000000000	0.025516089	0.000149340	21.8	35.0	71640
2024-09-13-04:07:39	4.220	14325557.000000000	2862077167.000000000	0.040296629	0.000212688	21.8	35.0	71706
2024-09-13-04:08:02	5.240	19628994.000000000	5376698652.000000000	0.055105308	0.000271923	21.8	35.0	71662
2024-09-13-04:08:25	6.240	24911032.000000000	8672930600.000000000	0.069943137	0.000224938	21.8	35.0	71552
2024-09-13-04:08:49	7.280	30270162.000000000	12806575570.000000000	0.084959872	0.000349279	21.8	35.0	71549
2024-09-13-04:09:12	8.280	35421278.000000000	17590432194.000000000	0.100108274	0.000346332	21.8	35.0	71327
2024-09-13-04:09:35	9.350	41058287.000000000	23501983149.000000000	0.115210448	0.000271363	21.8	35.0	71730
2024-09-13-04:09:59	10.350	45850205.000000000	29385601357.000000000	0.129129095	0.000299531	21.8	35.0	71540
2024-09-13-04:10:22	11.360	50766933.000000000	36161824095.000000000	0.142761317	0.000369235	21.8	35.0	71271
2024-09-13-04:10:45	12.400	56201066.000000000	44183133036.000000000	0.157835291	0.000357303	21.8	35.0	71488
2024-09-13-04:11:09	13.390	61448967.000000000	52690951931.000000000	0.172034427	0.000629989	21.8	35.0	71663
2024-09-13-04:11:32	14.410	66525140.000000000	61861057192.000000000	0.187240702	0.000445286	21.8	35.0	71541
2024-09-13-04:11:55	15.410	72166733.000000000	72841958379.000000000	0.201862715	0.000623021	21.8	35.0	71499
2024-09-13-04:12:19	16.370	77814515.000000000	84462083648.999999900	0.216182303	0.000695633	21.8	35.0	71691
2024-09-13-04:12:43	17.410	82867832.000000000	95981116871.999999900	0.232058576	0.000664568	21.8	35.0	71547
2024-09-13-04:13:06	18.430	88436559.000000000	109151592441.000000000	0.248464797	0.002080907	21.8	35.0	71655
2024-09-13-04:13:32	19.460	93501508.000000000	122145922418.000000000	0.260295068	0.000702575	21.8	35.0	71575
2024-09-13-04:13:55	20.520	98311622.000000000	135132403502.000000000	0.275364105	0.000685514	21.8	35.0	71529
2024-09-13-04:14:19	21.550	102816992.000000000	147523486024.000000000	0.285309368	0.002205089	21.8	35.0	71667
2024-09-13-04:14:42	22.500	107515234.000000000	162138453008.000000000	0.299744865	0.001011670	21.8	35.0	71298
2024-09-13-04:15:06	23.510	113634649.000000000	180339619757.000000000	0.314867011	0.000898816	21.8	35.0	71606
2024-09-13-04:15:29	24.490	120222904.000000000	201969342446.000000000	0.332278249	0.001211415	21.8	35.0	71565
2024-09-13-04:15:52	25.500	124736750.000000000	217253959200.000000000	0.345571497	0.003171589	21.8	35.0	71624
2024-09-13-04:16:16	26.550	130277682.000000000	237245409780.000000000	0.353228093	0.005726499	21.8	35.0	71547
2024-09-13-04:16:39	27.540	134248819.000000000	251691805247.000000000	0.367680337	0.005940395	21.8	35.0	71614
2024-09-13-04:17:03	28.580	139362816.000000000	271369894248.000000000	0.382218152	0.003070544	21.8	35.0	71573
2024-09-13-04:17:26	29.580	145192719.000000000	294572812067.000000000	0.399791631	0.003175828	21.8	35.0	71568
2024-09-13-04:17:49	30.520	150529485.000000000	317313665721.000000000	0.415157654	0.001273879	21.8	35.0	71410
2024-09-13-04:18:13	31.600	156956928.000000000	345311046826.000000000	0.431584684	0.001096807	21.7	35.0	71345
2024-09-13-04:18:36	32.570	162773864.000000000	370536526298.000000000	0.444908678	0.005215085	21.7	35.0	71507
2024-09-13-04:18:59	33.590	168005186.000000000	394444094794.000000000	0.461099529	0.001182994	21.7	35.0	71561
2024-09-13-04:19:23	34.650	173271006.000000000	419584798964.000000000	0.474124292	0.007930073	21.7	35.0	71564
2024-09-13-04:19:46	35.730	178054882.000000000	442508205446.000000000	0.487349946	0.004051022	21.7	35.0	71650
2024-09-13-04:20:09	36.690	184109172.000000000	473737991170.000000000	0.500942060	0.001916788	21.7	35.0	71553
2024-09-13-04:20:33	37.680	189216147.000000000	500355186725.000000000	0.516565317	0.004035959	21.7	35.0	71561
2024-09-13-04:20:56	38.590	195298693.000000000	533560678005.000000000	0.531564093	0.000955001	21.7	35.0	71486
2024-09-13-04:21:19	39.610	200894797.000000000	563906395859.000000000	0.547005961	0.002503940	21.7	35.0	71578
2024-09-13-04:21:43	40.670	205523317.000000000	590648942187.000000000	0.558411320	0.006077763	21.7	35.0	71523
2024-09-13-04:22:06	41.720	210622841.000000000	620497820599.000000000	0.569584137	0.000756706	21.7	35.0	71497
2024-09-13-04:22:29	42.700	213749627.000000000	638605085428.999999000	0.573533252	0.010703789	21.7	35.0	71556
2024-09-13-04:22:53	43.750	221342423.000000000	683977480410.999999000	0.595939823	0.001166389	21.7	35.0	71629
2024-09-13-04:23:16	44.730	226108488.000000000	714737886143.999999000	0.610067740	0.001193835	21.7	35.0	71530
2024-09-13-04:23:40	45.730	232064391.000000000	753224933126.999999000	0.625847558	0.001403947	21.7	35.0	71498
2024-09-13-04:24:03	46.740	237419219.000000000	788395669946.999999000	0.639989531	0.001042710	21.7	35.0	71497
2024-09-13-04:24:26	47.700	242588320.000000000	822272369603.999999000	0.654066548	0.000915632	21.7	35.0	71569
2024-09-13-04:24:50	48.820	247295605.000000000	854903676124.999999000	0.667185391	0.000483511	21.7	35.0	71535
2024-09-13-04:25:13	49.820	251612811.000000000	887277417502.999999000	0.678006740	0.004624288	21.7	35.0	71352
2024-09-13-04:25:36	50.820	257485602.000000000	927425220383.999999000	0.693906907	0.000270355	21.7	35.0	71487
2024-09-13-04:26:00	51.860	264104944.000000000	972836966437.999999000	0.712856058	0.000380337	21.7	35.0	71699
2024-09-13-04:26:23	52.790	267680624.000000000	1002528495250.000000000	0.723911653	0.006758762	21.7	35.0	71480
2024-09-13-04:26:46	53.870	274037732.000000000	1049495961754.000000000	0.738179237	0.000251094	21.7	35.0	71555
2024-09-13-04:27:10	54.890	279155964.000000000	1090085915306.000000000	0.754036891	0.000653985	21.7	35.0	71488
2024-09-13-04:27:33	55.910	284705525.000000000	1130726269169.000000000	0.765171952	0.000234452	21.7	35.0	71686
2024-09-13-04:27:57	56.930	289168189.000000000	1169362202679.000000000	0.780871332	0.000750125	21.7	35.0	71509
2024-09-13-04:28:20	57.910	292956300.000000000	1199656048500.000000000	0.793745482	0.000336742	21.7	35.0	71540
2024-09-13-04:28:43	58.890	292989060.000000000	1199790200700.000000000	0.812940626	0.000529056	21.7	35.0	71548
2024-09-13-04:29:07	59.850	291862935.000000000	1195178718825.000000000	0.824824336	0.000174711	21.7	35.0	71273
2024-09-13-04:29:30	60.890	292673745.000000000	1198498985775.000000000	0.840834422	0.000280339	21.7	35.0	71471
2024-09-13-04:29:53	61.960	293591025.000000000	1202255247375.000000000	0.854815241	0.000372301	21.7	35.0	71695
2024-09-13-04:30:17	62.960	292808880.000000000	1199052363600.000000000	0.866965022	0.000416315	21.7	35.0	71504
2024-09-13-04:30:40	63.950	293218380.000000000	1200729266100.000000000	0.886913254	0.000386823	21.7	35.0	71604
2024-09-13-04:31:04	64.900	293545980.000000000	1202070788100.000000000	0.900188597	0.000303615	21.7	35.0	71684
2024-09-13-04:31:27	0.000	66530.000000000	67180.000000000	0.000002257	0.000000212	21.7	35.0	71504
