2024-09-11-14:35:41	0.000	0.000000000	0.000000000	0.000002633	0.000000216	22.9	35.0	71547
2024-09-11-14:36:05	2.160	3497851.000000000	170871013.000000000	0.010197140	0.000061386	22.9	35.0	71610
2024-09-11-14:36:28	3.190	8658628.000000000	1047957576.000000000	0.024913275	0.000076740	22.9	35.0	71543
2024-09-11-14:36:51	4.250	13860347.000000000	2685523669.000000000	0.039337834	0.000165069	22.9	35.0	71537
2024-09-11-14:37:15	5.280	19161113.000000000	5122376229.000000000	0.054404191	0.000088880	22.9	35.0	71676
2024-09-11-14:37:38	6.300	24371651.000000000	8296985923.000000000	0.068729885	0.000100925	22.9	35.0	71590
2024-09-11-14:38:01	7.380	29787331.000000000	12395293545.000000000	0.084157110	0.000126355	22.9	35.0	71583
2024-09-11-14:38:25	8.420	35401232.000000000	17525345478.000000000	0.099684179	0.000186346	22.9	35.0	71511
2024-09-11-14:38:48	9.480	40649860.000000000	23101986008.000000000	0.114612705	0.000196269	22.9	35.0	71527
2024-09-11-14:39:12	10.490	46314063.000000000	29960035849.000000000	0.130324456	0.000617947	22.9	35.0	71596
2024-09-11-14:39:35	11.560	51253226.000000000	36712740466.000000000	0.143416607	0.000229919	22.9	35.0	71553
2024-09-11-14:39:58	12.580	55651126.000000000	43287699400.000000000	0.156083356	0.000195123	22.9	35.0	71546
2024-09-11-14:40:22	13.610	61253415.000000000	52471129145.000000000	0.170963530	0.000414636	22.9	35.0	71506
2024-09-11-14:40:45	14.650	66945288.000000000	62717157198.000000000	0.186594482	0.000820624	22.9	35.0	71461
2024-09-11-14:41:08	15.670	72974129.000000000	74452350015.000000000	0.203963652	0.000744941	22.9	35.0	71529
2024-09-11-14:41:32	16.710	78035930.000000000	85177261361.999999900	0.217600473	0.000411959	22.9	35.0	71496
2024-09-11-14:41:55	17.790	83349489.000000000	97154203078.999999900	0.234737381	0.000815707	22.9	35.0	71507
2024-09-11-14:42:19	18.830	88888572.000000000	110279103468.000000000	0.251140155	0.000811021	22.9	35.0	71650
2024-09-11-14:42:42	19.850	93016819.000000000	121028358009.000000000	0.262499148	0.000833050	22.9	35.0	71489
2024-09-11-14:43:05	20.850	97895536.000000000	133998655166.000000000	0.277228918	0.000454087	22.9	35.0	71520
2024-09-11-14:43:29	21.860	103312698.000000000	148849199432.000000000	0.291091051	0.000420944	22.9	35.0	71708
2024-09-11-14:43:52	22.830	109213032.000000000	166834812562.000000000	0.306750764	0.000476738	22.9	35.0	71496
2024-09-11-14:44:15	23.780	115296167.000000000	185811625501.000000000	0.327977974	0.000778674	22.9	35.0	71542
2024-09-11-14:44:39	24.880	119787378.000000000	201137178444.000000000	0.338561719	0.000893234	22.9	35.0	71340
2024-09-11-14:45:02	26.050	124695572.000000000	217982306392.000000000	0.356481694	0.002911161	22.9	35.0	71333
2024-09-11-14:45:25	27.020	130005837.000000000	236334531083.000000000	0.371144729	0.001610870	22.9	35.0	71518
2024-09-11-14:45:49	28.110	135276027.000000000	255765047969.000000000	0.382030281	0.001197847	22.9	35.0	71549
2024-09-11-14:46:12	29.150	140781642.000000000	277232559264.000000000	0.395651727	0.001589248	22.9	35.0	71493
2024-09-11-14:46:35	30.170	146208157.000000000	298200815151.000000000	0.406586939	0.002822685	22.9	35.0	71688
2024-09-11-14:46:59	31.140	152248983.000000000	323895734487.000000000	0.423644671	0.001127739	22.9	35.0	71568
2024-09-11-14:47:23	32.140	158261020.000000000	350032009682.000000000	0.442736924	0.001189976	22.9	35.0	71558
2024-09-11-14:47:46	33.200	163077323.000000000	372047872641.000000000	0.455742716	0.001616109	22.9	34.0	71483
2024-09-11-14:48:09	34.230	168347489.000000000	396163479721.000000000	0.472174524	0.002017649	22.9	34.0	71539
2024-09-11-14:48:33	35.230	173491425.000000000	420520890077.000000000	0.480400968	0.002095900	22.9	34.0	71578
2024-09-11-14:48:56	36.250	178903475.000000000	447729819707.000000000	0.493837904	0.002570118	22.9	34.0	71493
2024-09-11-14:49:20	37.320	184422068.000000000	475479502396.000000000	0.506604605	0.000928614	22.9	34.0	71533
2024-09-11-14:49:43	38.320	190505863.000000000	506974181979.000000000	0.524068694	0.000360853	22.9	34.0	71589
2024-09-11-14:50:06	39.270	196845569.000000000	541368312651.000000000	0.533343933	0.004984095	22.9	34.0	71578
2024-09-11-14:50:30	40.290	201815942.000000000	569672388892.000000000	0.554135393	0.001162298	22.9	34.0	71502
2024-09-11-14:50:53	41.340	205481121.000000000	590431355739.000000000	0.563097030	0.001657168	22.9	34.0	71517
2024-09-11-14:51:16	42.400	209241254.000000000	612488660022.000000000	0.573906612	0.002975618	22.9	34.0	71482
2024-09-11-14:51:40	43.450	214017748.000000000	640206699099.999999000	0.582835128	0.009275683	22.9	34.0	71546
2024-09-11-14:52:03	44.500	220165930.000000000	677422954889.999999000	0.604077598	0.000465763	22.9	34.0	71556
2024-09-11-14:52:27	45.420	226185656.000000000	713952004643.999999000	0.617791669	0.001071654	22.9	34.0	71658
2024-09-11-14:52:50	46.510	232291852.000000000	752616136507.999999000	0.634537224	0.000580723	23.0	34.0	71696
2024-09-11-14:53:13	47.520	237776672.000000000	788939439219.999999000	0.649613332	0.000268948	23.0	34.0	71663
2024-09-11-14:53:37	48.580	242172446.000000000	819706417005.999999000	0.662040581	0.000176726	23.0	34.0	71547
2024-09-11-14:54:00	49.620	246633587.000000000	853069883774.999999000	0.676461982	0.000634525	23.0	34.0	71305
2024-09-11-14:54:24	50.640	253431500.000000000	896281542887.999999000	0.691820854	0.000394767	23.0	35.0	71660
2024-09-11-14:54:47	51.680	258095806.000000000	931448510445.999999000	0.710630623	0.000688502	23.0	35.0	71516
2024-09-11-14:55:11	52.670	264525323.000000000	975868251636.999999000	0.717178891	0.000648934	23.0	35.0	71704
2024-09-11-14:55:34	53.690	269892545.000000000	1016618595875.000000000	0.733427118	0.002286693	23.0	35.0	71653
2024-09-11-14:55:57	54.740	275253030.000000000	1058603336798.000000000	0.751718645	0.001070369	23.0	35.0	71570
2024-09-11-14:56:21	0.000	280608359.000000000	1098048609441.000000000	0.760405718	0.000399049	22.9	34.0	71710
2024-09-11-14:56:44	56.810	284884246.000000000	1134504399194.000000000	0.773050988	0.000260491	22.9	34.0	71537
2024-09-11-14:57:07	57.780	291310502.000000000	1185484397462.000000000	0.789938143	0.000635426	22.9	34.0	71585
2024-09-11-14:57:31	58.820	293640165.000000000	1202456475675.000000000	0.804970355	0.000858049	22.9	34.0	71707
2024-09-11-14:57:54	59.810	292157775.000000000	1196386088625.000000000	0.816625574	0.000315565	22.9	34.0	71345
2024-09-11-14:58:17	60.790	292104540.000000000	1196168091300.000000000	0.834544308	0.000804763	22.9	35.0	71332
2024-09-11-14:58:41	61.840	293095530.000000000	1200226195350.000000000	0.845147976	0.000178981	22.9	35.0	71574
2024-09-11-14:59:04	62.890	292804785.000000000	1199035594575.000000000	0.860042230	0.000386043	22.9	35.0	71503
2024-09-11-14:59:28	63.920	293640165.000000000	1202456475675.000000000	0.874016633	0.001165070	22.9	35.0	71707
2024-09-11-14:59:51	64.890	293333040.000000000	1201198798800.000000000	0.889350023	0.002123681	22.9	35.0	71632
2024-09-11-15:00:15	65.830	292858020.000000000	1199253591900.000000000	0.908433208	0.001049368	22.9	35.0	71516
2024-09-11-15:00:38	0.000	0.000000000	0.000000000	0.000002655	0.000000156	22.9	35.0	71522
