2024-09-11-22:00:25	0.000	0.000000000	0.000000000	0.000002755	0.000000218	22.8	36.0	71534
2024-09-11-22:00:48	2.160	3554341.000000000	176500499.000000000	0.010231970	0.000070158	22.8	36.0	71585
2024-09-11-22:01:11	3.160	8735571.000000000	1065548183.000000000	0.024587625	0.000196914	22.8	36.0	71618
2024-09-11-22:01:35	4.210	14014540.000000000	2745520562.000000000	0.039295401	0.000098595	22.8	36.0	71538
2024-09-11-22:01:58	5.230	19437444.000000000	5282311372.000000000	0.054249942	0.000107914	22.8	36.0	71525
2024-09-11-22:02:21	6.260	24497794.000000000	8389063932.000000000	0.069173145	0.000140235	22.8	36.0	71539
2024-09-11-22:02:45	7.310	30116006.000000000	12641731102.000000000	0.084438108	0.000154857	22.8	36.0	71745
2024-09-11-22:03:08	8.330	35325560.000000000	17448483032.000000000	0.099495955	0.000342380	22.8	36.0	71519
2024-09-11-22:03:32	9.380	41009777.000000000	23526087647.000000000	0.114864568	0.000263274	22.8	36.0	71487
2024-09-11-22:03:55	10.400	46188759.000000000	29930776923.000000000	0.130044048	0.000313239	22.8	36.0	71278
2024-09-11-22:04:18	11.430	50961301.000000000	36293601493.000000000	0.142416546	0.000304603	22.8	36.0	71557
2024-09-11-22:04:42	12.460	56177754.000000000	44091800692.000000000	0.156687283	0.000460291	22.8	36.0	71577
2024-09-11-22:05:05	13.490	61766094.000000000	53341307902.000000000	0.171046116	0.000365725	22.8	36.0	71522
2024-09-11-22:05:28	14.500	67510012.000000000	63712669928.000000000	0.187730619	0.000742919	22.8	36.0	71537
2024-09-11-22:05:52	15.490	72788563.000000000	74175361247.000000000	0.202574823	0.000260914	22.8	36.0	71430
2024-09-11-22:06:15	16.540	78143546.000000000	85334148691.999999900	0.217646140	0.000742718	22.8	36.0	71561
2024-09-11-22:06:38	17.610	83494004.000000000	97204384943.999999900	0.231765342	0.000702186	22.8	36.0	71719
2024-09-11-22:07:02	18.590	88535335.000000000	109544190631.000000000	0.246100639	0.000560316	22.8	36.0	71556
2024-09-11-22:07:25	19.680	93685765.000000000	122753033981.000000000	0.258720547	0.000770516	22.8	36.0	71502
2024-09-11-22:07:48	20.670	99331756.000000000	137910151848.000000000	0.274882300	0.000695532	22.8	36.0	71546
2024-09-11-22:08:12	21.670	104327381.000000000	152138710813.000000000	0.286697815	0.001584981	22.8	36.0	71542
2024-09-11-22:08:35	22.580	109948708.000000000	169530901258.000000000	0.302495298	0.001558268	22.8	36.0	71311
2024-09-11-22:08:59	23.550	115400890.000000000	186322028426.000000000	0.316462818	0.000923324	22.8	36.0	71477
2024-09-11-22:09:22	24.620	121754119.000000000	207177456679.000000000	0.335318924	0.001593692	22.8	36.0	71555
2024-09-11-22:09:45	25.700	126679284.000000000	224405923330.000000000	0.346516046	0.001723783	22.8	36.0	71513
2024-09-11-22:10:09	26.730	131095170.000000000	239932244282.000000000	0.360114109	0.002750019	22.8	36.0	71632
2024-09-11-22:10:32	27.750	135507586.000000000	256174467124.000000000	0.366941049	0.002142749	22.8	36.0	71684
2024-09-11-22:10:56	28.810	140640046.000000000	276774980038.000000000	0.385532175	0.005010363	22.8	36.0	71471
2024-09-11-22:11:19	29.860	147420424.000000000	304013466976.000000000	0.406912844	0.002323837	22.8	36.0	71491
2024-09-11-22:11:42	30.840	152432518.000000000	325025239154.000000000	0.421923247	0.002228903	22.8	36.0	71491
2024-09-11-22:12:06	31.850	158962304.000000000	353439188722.000000000	0.438604396	0.000750251	22.8	36.0	71496
2024-09-11-22:12:29	32.870	164177122.000000000	376769452072.000000000	0.453994724	0.000359489	22.8	36.0	71541
2024-09-11-22:12:52	33.970	169195205.000000000	400371397033.000000000	0.467999732	0.001408567	22.8	36.0	71502
2024-09-11-22:13:16	34.970	174268066.000000000	424234814858.000000000	0.482797920	0.000542627	22.8	36.0	71587
2024-09-11-22:13:39	35.890	180313911.000000000	454835436141.000000000	0.496583039	0.001427328	22.8	36.0	71488
2024-09-11-22:14:02	36.960	185248300.000000000	481560635276.000000000	0.511837237	0.002872297	22.8	36.0	71268
2024-09-11-22:14:26	37.900	191121549.000000000	510141531037.000000000	0.526176945	0.002896700	22.8	36.0	71611
2024-09-11-22:14:49	39.000	197422138.000000000	544537110084.000000000	0.538200364	0.001819366	22.8	36.0	71586
2024-09-11-22:15:13	40.020	201099760.000000000	567048299666.000000000	0.550700767	0.001314874	22.8	36.0	71322
2024-09-11-22:15:36	41.040	205661770.000000000	591167969882.000000000	0.561189280	0.003190921	22.8	36.0	71549
2024-09-11-22:16:00	42.160	210414635.000000000	618650645555.000000000	0.575582105	0.000925557	22.8	36.0	71566
2024-09-11-22:16:23	43.190	215607089.000000000	648866019146.999999000	0.587486608	0.002274836	22.8	36.0	71643
2024-09-11-22:16:46	44.200	220834158.000000000	681678663409.999999000	0.602120862	0.000473338	22.8	36.0	71541
2024-09-11-22:17:10	45.240	226706446.000000000	717989837607.999999000	0.617978389	0.000113898	22.8	36.0	71583
2024-09-11-22:17:33	46.280	232521779.000000000	755106764690.999999000	0.635148482	0.000518119	22.8	36.0	71601
2024-09-11-22:17:56	47.300	237284643.000000000	788781437852.999999000	0.645199238	0.000127112	22.8	36.0	71381
2024-09-11-22:18:20	48.340	243237277.000000000	826283537386.999999000	0.659195784	0.001044896	22.8	36.0	71603
2024-09-11-22:18:43	49.410	247678407.000000000	857067418142.999999000	0.670517625	0.000231893	22.8	36.0	71575
2024-09-11-22:19:06	50.430	252699063.000000000	893152449610.999999000	0.683295910	0.000330533	22.8	36.0	71496
2024-09-11-22:19:30	51.450	259505320.000000000	940899917027.999999000	0.700842505	0.000840862	22.8	36.0	71573
2024-09-11-22:19:53	52.400	264995586.000000000	979355860081.999999000	0.714218208	0.010851579	22.8	36.0	71703
2024-09-11-22:20:16	53.450	270958756.000000000	1024659867138.000000000	0.720433805	0.020205215	22.8	36.0	71652
2024-09-11-22:20:40	54.510	276447560.000000000	1068304078316.000000000	0.748116043	0.000681340	22.8	36.0	71537
2024-09-11-22:21:03	0.240	282396308.000000000	1115321349234.000000000	0.763740600	0.000715714	22.8	36.0	71502
2024-09-11-22:21:26	56.580	287886508.000000000	1158704641474.000000000	0.779123501	0.000677192	22.8	36.0	71527
2024-09-11-22:21:50	57.580	292026187.000000000	1195845029589.000000000	0.795454021	0.001914069	22.8	36.0	71313
2024-09-11-22:22:13	58.560	291916169.000000000	1195396707961.000000000	0.806918826	0.000708793	22.8	36.0	71286
2024-09-11-22:22:37	59.450	292845735.000000000	1199203284825.000000000	0.819793506	0.000535478	22.8	36.0	71513
2024-09-11-22:23:00	60.510	292964490.000000000	1199689586550.000000000	0.822985978	0.019213750	22.8	36.0	71542
2024-09-11-22:23:23	61.630	293042295.000000000	1200008198025.000000000	0.847488964	0.002717564	22.8	36.0	71561
2024-09-11-22:23:47	62.670	292890780.000000000	1199387744100.000000000	0.862426586	0.000265595	22.8	36.0	71524
2024-09-11-22:24:10	63.720	293136480.000000000	1200393885600.000000000	0.880837847	0.000867589	22.8	36.0	71584
2024-09-11-22:24:33	64.700	293210190.000000000	1200695728050.000000000	0.889511375	0.001530152	22.8	36.0	71602
2024-09-11-22:24:57	65.650	292997250.000000000	1199823738750.000000000	0.905713953	0.001024615	22.8	36.0	71550
2024-09-11-22:25:20	0.000	0.000000000	0.000000000	0.000002819	0.000000188	22.8	36.0	71499
