2024-09-13-09:04:49	0.000	64031.000000000	64413.000000000	0.000002411	0.000000255	22.4	32.0	71490
2024-09-13-09:05:12	2.170	3654763.000000000	186760811.000000000	0.010438610	0.000043908	22.4	32.0	71525
2024-09-13-09:05:36	3.190	8831497.000000000	1090221403.000000000	0.025308911	0.000098136	22.4	32.0	71542
2024-09-13-09:05:59	4.250	14051487.000000000	2755806509.000000000	0.040175108	0.000087962	22.4	32.0	71647
2024-09-13-09:06:23	5.280	19282475.000000000	5192878141.000000000	0.055050601	0.000116854	22.4	32.0	71601
2024-09-13-09:06:46	6.300	24505980.000000000	8400187010.000000000	0.070047714	0.000135628	22.4	32.0	71492
2024-09-13-09:07:09	7.360	29971385.000000000	12524388277.000000000	0.085017230	0.000152900	22.4	32.0	71724
2024-09-13-09:07:33	8.400	35100814.000000000	17222166480.000000000	0.100692829	0.000350871	22.4	32.0	71540
2024-09-13-09:07:56	9.460	40415268.000000000	22846160726.000000000	0.115868159	0.000391307	22.4	32.0	71496
2024-09-13-09:08:20	10.480	45624718.000000000	29095293278.000000000	0.129712125	0.000625957	22.4	32.0	71546
2024-09-13-09:08:43	11.540	50947421.000000000	36258090215.000000000	0.146154658	0.000980093	22.4	32.0	71589
2024-09-13-09:09:06	12.550	56283872.000000000	44127608550.000000000	0.159725524	0.000802522	22.4	32.0	71794
2024-09-13-09:09:30	13.570	61187668.000000000	52325280750.000000000	0.175456931	0.001807087	22.4	32.0	71554
2024-09-13-09:09:53	14.590	66627355.000000000	62054439405.000000000	0.190618183	0.001240729	22.4	32.0	71540
2024-09-13-09:10:16	15.610	72278625.000000000	73037327205.000000000	0.206291186	0.001432410	22.4	32.0	71531
2024-09-13-09:10:40	16.660	77683628.000000000	84418469575.999999900	0.223692188	0.001337891	22.4	32.0	71493
2024-09-13-09:11:03	17.670	83227730.000000000	96984332667.999999900	0.237631374	0.001339218	22.4	32.0	71430
2024-09-13-09:11:27	18.690	88460472.000000000	109135769780.000000000	0.251366537	0.000711904	22.4	32.0	71709
2024-09-13-09:11:50	19.760	92205043.000000000	118657199205.000000000	0.261687964	0.001112900	22.4	32.0	71651
2024-09-13-09:12:13	20.750	96889444.000000000	131282610648.000000000	0.273253171	0.001739252	22.4	32.0	71507
2024-09-13-09:12:37	21.770	102695001.000000000	147102307957.000000000	0.287868768	0.001314048	22.5	32.0	71694
2024-09-13-09:13:00	22.780	108244612.000000000	163725024050.000000000	0.304312105	0.001024995	22.5	32.0	71566
2024-09-13-09:13:24	23.740	113510521.000000000	180677998261.000000000	0.321149451	0.000885076	22.5	32.0	71314
2024-09-13-09:13:47	24.800	119469554.000000000	199551920650.000000000	0.339559250	0.000945474	22.5	32.0	71527
2024-09-13-09:14:10	25.870	124121840.000000000	216077272806.000000000	0.351321806	0.001054834	22.5	32.0	71300
2024-09-13-09:14:34	26.980	128773022.000000000	231960786248.000000000	0.362094107	0.003239815	22.5	32.0	71490
2024-09-13-09:14:57	27.940	132874100.000000000	246615946122.000000000	0.371154681	0.003495123	22.5	32.0	71596
2024-09-13-09:15:20	29.030	138318958.000000000	267431962898.000000000	0.386977003	0.004185361	22.5	32.0	71544
2024-09-13-09:15:44	30.040	144467352.000000000	291625645612.000000000	0.406620528	0.001961850	22.5	32.0	71568
2024-09-13-09:16:07	31.040	150174035.000000000	315117862997.000000000	0.423628263	0.004700507	22.5	32.0	71569
2024-09-13-09:16:31	32.100	155883427.000000000	339680058073.000000000	0.437862104	0.004571562	22.5	32.0	71538
2024-09-13-09:16:54	33.100	161738333.000000000	365493052637.000000000	0.456393422	0.001827536	22.5	32.0	71573
2024-09-13-09:17:17	34.160	165995445.000000000	384762018237.000000000	0.466791865	0.006557843	22.5	32.0	71623
2024-09-13-09:17:41	35.170	170499987.000000000	406727382211.000000000	0.477480341	0.008938269	22.6	32.0	71481
2024-09-13-09:18:04	36.230	176573557.000000000	435818367647.000000000	0.496715888	0.004246896	22.6	32.0	71541
2024-09-13-09:18:27	37.250	182393449.000000000	463878464391.000000000	0.512975127	0.000947935	22.6	32.0	71716
2024-09-13-09:18:51	38.270	188035982.000000000	493277270640.000000000	0.532265830	0.003023396	22.6	32.0	71681
2024-09-13-09:19:14	39.290	193455268.000000000	523344921060.000000000	0.545265723	0.003724292	22.6	32.0	71512
2024-09-13-09:19:38	40.320	199258020.000000000	554933931018.000000000	0.564633919	0.001871890	22.6	32.0	71548
2024-09-13-09:20:01	41.270	203199622.000000000	578922857712.000000000	0.577036459	0.014044357	22.6	32.0	71323
2024-09-13-09:20:24	42.400	208657429.000000000	608016931559.000000000	0.585253791	0.005406001	22.6	32.0	71607
2024-09-13-09:20:48	43.300	213045851.000000000	634529686338.999999000	0.597400669	0.005122253	22.6	32.0	71532
2024-09-13-09:21:11	44.390	218179144.000000000	665304362341.999999000	0.609165540	0.009407578	22.6	32.0	71551
2024-09-13-09:21:35	45.470	223713189.000000000	701683482798.999999000	0.629354994	0.001395108	22.6	32.0	71326
2024-09-13-09:21:58	46.510	230269081.000000000	740422235164.999999000	0.646075934	0.000187271	22.6	32.0	71613
2024-09-13-09:22:21	47.520	235985663.000000000	776362791514.999999000	0.660282669	0.003498497	22.6	32.0	71731
2024-09-13-09:22:45	48.550	241261813.000000000	812746391556.999999000	0.674592745	0.000155459	22.6	31.0	71618
2024-09-13-09:23:08	49.600	245425131.000000000	842297107964.999999000	0.686965780	0.000310221	22.6	31.0	71511
2024-09-13-09:23:32	50.630	250456844.000000000	877053707067.999999000	0.699661914	0.000108538	22.6	31.0	71522
2024-09-13-09:23:55	51.670	255854164.000000000	915080703825.999999000	0.708990842	0.015148047	22.6	31.0	71540
2024-09-13-09:24:18	52.450	260892582.000000000	951547462177.999999000	0.725851527	0.012053259	22.6	31.0	71533
2024-09-13-09:24:42	53.660	266753932.000000000	993030191233.999999000	0.732420198	0.026875307	22.6	31.0	71667
2024-09-13-09:25:05	54.700	273751611.000000000	1045056418395.000000000	0.758679211	0.010286148	22.6	31.0	71709
2024-09-13-09:25:28	0.000	278653035.000000000	1085812231675.000000000	0.773998042	0.000450142	22.6	31.0	71511
2024-09-13-09:25:52	56.700	283035786.000000000	1120445096256.000000000	0.787223716	0.003542195	22.6	31.0	71499
2024-09-13-09:26:15	57.810	289652074.000000000	1170081156560.000000000	0.801984131	0.000317311	22.6	31.0	71703
2024-09-13-09:26:38	58.850	293132385.000000000	1200377116575.000000000	0.816545435	0.000174763	22.6	32.0	71583
2024-09-13-09:27:02	59.810	292718790.000000000	1198683445050.000000000	0.831759346	0.000115267	22.6	32.0	71482
2024-09-13-09:27:25	60.790	293156955.000000000	1200477730725.000000000	0.846202416	0.000094927	22.6	32.0	71589
2024-09-13-09:27:48	61.850	292989060.000000000	1199790200700.000000000	0.857401254	0.008701736	22.6	32.0	71548
2024-09-13-09:28:12	62.880	292063590.000000000	1196000401050.000000000	0.876138182	0.000201105	22.6	32.0	71322
2024-09-13-09:28:35	63.940	292898970.000000000	1199421282150.000000000	0.892284292	0.000090459	22.7	31.0	71526
2024-09-13-09:28:58	64.920	292260150.000000000	1196805314250.000000000	0.906865513	0.005312694	22.7	31.0	71370
2024-09-13-09:29:22	65.870	293541885.000000000	1202054019075.000000000	0.917420427	0.009590752	22.7	31.0	71683
2024-09-13-09:29:45	0.000	64097.000000000	64447.000000000	0.000002491	0.000000174	22.7	31.0	71588
