2024-09-13-12:48:07	0.000	65083.000000000	65487.000000000	0.000002917	0.000000226	23.2	29.0	71601
2024-09-13-12:48:30	2.160	8987966.000000000	1128125600.000000000	0.010575872	0.000063971	23.2	29.0	71612
2024-09-13-12:48:53	3.190	21865543.000000000	6668701421.000000000	0.025651783	0.000042835	23.2	29.0	71694
2024-09-13-12:49:17	4.260	34857245.000000000	16960085641.000000000	0.040866102	0.000111802	23.1	29.0	71641
2024-09-13-12:49:40	5.300	47818778.000000000	31923391162.000000000	0.056182529	0.000146874	23.1	29.0	71629
2024-09-13-12:50:03	6.320	60928683.000000000	51890006625.000000000	0.071560453	0.000176538	23.1	29.0	71542
2024-09-13-12:50:27	7.380	73953548.000000000	76454010572.000000000	0.086785779	0.000122300	23.1	29.0	71535
2024-09-13-12:50:50	8.410	87270327.000000000	106253328285.000000000	0.102313290	0.000212668	23.1	29.0	71679
2024-09-13-12:51:13	9.480	100270442.000000000	140439240568.000000000	0.117172056	0.000227678	23.2	29.0	71591
2024-09-13-12:51:37	10.510	113175123.000000000	179118059711.000000000	0.132562314	0.000317694	23.2	29.0	71511
2024-09-13-12:52:00	11.570	125126360.000000000	219543544340.000000000	0.146936522	0.000292478	23.2	29.0	71315
2024-09-13-12:52:24	12.590	137482998.000000000	264417316940.000000000	0.160757228	0.000288509	23.2	29.0	71484
2024-09-13-12:52:47	13.600	150432555.000000000	316461248233.000000000	0.175393497	0.000476286	23.2	29.0	71510
2024-09-13-12:53:10	14.630	165225984.000000000	381582217456.000000000	0.191334691	0.000392473	23.2	29.0	71544
2024-09-13-12:53:34	15.640	178315122.000000000	444316259242.000000000	0.206233283	0.000504049	23.2	29.0	71564
2024-09-13-12:53:57	16.710	191151255.000000000	510948033657.000000000	0.221565930	0.000440358	23.2	29.0	71515
2024-09-13-12:54:20	17.750	203598957.000000000	578982057417.000000000	0.237350057	0.001060729	23.2	29.0	71598
2024-09-13-12:54:44	18.880	214561854.000000000	643740052641.999999000	0.252729897	0.001006521	23.2	29.0	71515
2024-09-13-12:55:07	19.930	228629555.000000000	728510968276.999999000	0.267011871	0.000700479	23.2	29.0	71752
2024-09-13-12:55:31	20.840	241304079.000000000	813940258796.999999000	0.280394066	0.001521160	23.2	29.0	71539
2024-09-13-12:55:54	21.830	255723231.000000000	915950057254.999999000	0.294772788	0.000784859	23.2	29.0	71397
2024-09-13-12:56:17	22.780	270770852.000000000	1028737584768.000000000	0.309934750	0.000680271	23.2	29.0	71272
2024-09-13-12:56:41	23.800	284688171.000000000	1132677713869.000000000	0.327177100	0.001237340	23.2	29.0	71557
2024-09-13-12:57:04	24.870	292088160.000000000	1196101015200.000000000	0.342700870	0.000591046	23.2	29.0	71328
2024-09-13-12:57:28	25.950	292784310.000000000	1198951749450.000000000	0.358375329	0.000376730	23.2	29.0	71498
2024-09-13-12:57:51	27.080	293005440.000000000	1199857276800.000000000	0.370179174	0.000968910	23.2	29.0	71552
2024-09-13-12:58:14	28.090	292976775.000000000	1199739893625.000000000	0.379484758	0.001906365	23.1	29.0	71545
2024-09-13-12:58:38	29.100	291998070.000000000	1195732096650.000000000	0.398780705	0.004166905	23.1	29.0	71306
2024-09-13-12:59:01	30.110	293787585.000000000	1203060160575.000000000	0.413965130	0.002945955	23.1	29.0	71743
2024-09-13-12:59:24	31.110	292976775.000000000	1199739893625.000000000	0.430810491	0.007236959	23.1	29.0	71545
2024-09-13-12:59:48	32.160	292710600.000000000	1198649907000.000000000	0.447290713	0.002428234	23.2	29.0	71480
2024-09-13-13:00:11	33.170	292706505.000000000	1198633137975.000000000	0.459940880	0.005953347	23.2	29.0	71479
2024-09-13-13:00:34	34.250	292112730.000000000	1196201629350.000000000	0.475314174	0.003638531	23.2	29.0	71334
2024-09-13-13:00:58	35.290	292784310.000000000	1198951749450.000000000	0.490445760	0.001059323	23.2	29.0	71498
2024-09-13-13:01:21	36.360	292170060.000000000	1196436395700.000000000	0.505785265	0.000725854	23.2	29.0	71348
2024-09-13-13:01:45	37.360	293337135.000000000	1201215567825.000000000	0.521810188	0.004119997	23.2	29.0	71633
2024-09-13-13:02:08	38.370	292964490.000000000	1199689586550.000000000	0.537396363	0.006632747	23.2	29.0	71542
2024-09-13-13:02:31	39.340	292862115.000000000	1199270360925.000000000	0.549621195	0.005748385	23.2	29.0	71517
2024-09-13-13:02:55	40.330	292677840.000000000	1198515754800.000000000	0.564509877	0.004061812	23.2	29.0	71472
2024-09-13-13:03:18	41.390	293550075.000000000	1202087557125.000000000	0.577088935	0.005983615	23.2	29.0	71685
2024-09-13-13:03:41	42.440	292927635.000000000	1199538665325.000000000	0.590327826	0.000591306	23.2	29.0	71533
2024-09-13-13:04:05	43.470	292886685.000000000	1199370975075.000000000	0.601989710	0.006465606	23.2	29.0	71523
2024-09-13-13:04:28	44.520	293550075.000000000	1202087557125.000000000	0.618329083	0.003730138	23.2	29.0	71685
2024-09-13-13:04:52	45.540	293046390.000000000	1200024967050.000000000	0.634372572	0.000515191	23.2	29.0	71562
2024-09-13-13:05:15	46.570	293320755.000000000	1201148491725.000000000	0.648486506	0.000295480	23.2	29.0	71629
2024-09-13-13:05:38	47.580	292866210.000000000	1199287129950.000000000	0.661927226	0.000528468	23.2	29.0	71518
2024-09-13-13:06:02	48.620	292141395.000000000	1196319012525.000000000	0.674535999	0.000336420	23.2	29.0	71341
2024-09-13-13:06:25	49.680	293095530.000000000	1200226195350.000000000	0.685211110	0.000303173	23.2	29.0	71574
2024-09-13-13:06:49	50.700	292767930.000000000	1198884673350.000000000	0.697892451	0.000170484	23.2	29.0	71494
2024-09-13-13:07:12	51.730	293615595.000000000	1202355861525.000000000	0.713059405	0.000189101	23.2	29.0	71701
2024-09-13-13:07:36	52.680	293324850.000000000	1201165260750.000000000	0.726651949	0.010603392	23.2	29.0	71630
2024-09-13-13:07:59	53.780	292878495.000000000	1199337437025.000000000	0.739456674	0.012316091	23.2	29.0	71521
2024-09-13-13:08:22	54.810	293169240.000000000	1200528037800.000000000	0.759669129	0.000605458	23.2	29.0	71592
2024-09-13-13:08:46	0.000	293050485.000000000	1200041736075.000000000	0.773749881	0.000382006	23.2	29.0	71563
2024-09-13-13:09:09	56.910	293083245.000000000	1200175888275.000000000	0.784309959	0.000503396	23.2	29.0	71571
2024-09-13-13:09:32	57.900	293054580.000000000	1200058505100.000000000	0.800500332	0.000249815	23.2	29.0	71564
2024-09-13-13:09:56	58.930	293013630.000000000	1199890814850.000000000	0.812598594	0.000864370	23.2	29.0	71554
2024-09-13-13:10:19	59.910	293165145.000000000	1200511268775.000000000	0.828699698	0.000700045	23.2	29.0	71591
2024-09-13-13:10:43	60.900	293070960.000000000	1200125581200.000000000	0.839026194	0.000411285	23.2	29.0	71568
2024-09-13-13:11:06	61.950	292890780.000000000	1199387744100.000000000	0.856955025	0.000289811	23.2	29.0	71524
2024-09-13-13:11:29	63.020	292866210.000000000	1199287129950.000000000	0.872037140	0.000373134	23.2	29.0	71518
2024-09-13-13:11:53	64.060	293091435.000000000	1200209426325.000000000	0.887069077	0.000707027	23.2	29.0	71573
2024-09-13-13:12:16	65.040	293025915.000000000	1199941121925.000000000	0.903844777	0.000736357	23.2	29.0	71557
2024-09-13-13:12:39	65.950	292956300.000000000	1199656048500.000000000	0.919361688	0.000154014	23.2	29.0	71540
2024-09-13-13:13:03	0.000	65521.000000000	65997.000000000	0.000003123	0.000000243	23.2	29.0	71532
