2024-09-10-21:38:47	0.000	0.000000000	0.000000000	0.000002340	0.000000235	22.8	36.0	71513
2024-09-10-21:39:10	2.170	3542170.000000000	175323756.000000000	0.010280703	0.000062281	22.8	36.0	71572
2024-09-10-21:39:34	3.190	8722155.000000000	1062034015.000000000	0.025019517	0.000069307	22.8	36.0	71634
2024-09-10-21:39:57	4.240	13999629.000000000	2740689121.000000000	0.039908417	0.000120969	22.8	36.0	71512
2024-09-10-21:40:20	5.280	19228751.000000000	5186698905.000000000	0.055011731	0.000134963	22.8	36.0	71288
2024-09-10-21:40:44	6.300	24532959.000000000	8403070313.000000000	0.069775326	0.000126091	22.8	36.0	71625
2024-09-10-21:41:07	7.370	29724776.000000000	12350991884.000000000	0.084631394	0.000144299	22.8	36.0	71538
2024-09-10-21:41:31	8.380	35000922.000000000	17136925562.000000000	0.100236437	0.000289156	22.8	36.0	71487
2024-09-10-21:41:54	9.470	40328004.000000000	22692230178.000000000	0.114993710	0.000230371	22.8	36.0	71670
2024-09-10-21:42:17	10.500	45321591.000000000	28704722511.000000000	0.129179193	0.000128455	22.8	36.0	71558
2024-09-10-21:42:41	11.550	50183000.000000000	35123172956.000000000	0.142181714	0.000648393	22.8	36.0	71701
2024-09-10-21:43:04	12.630	54875476.000000000	42065978660.000000000	0.155168234	0.000510515	22.8	36.0	71586
2024-09-10-21:43:27	13.640	60142212.000000000	50594839648.000000000	0.167717042	0.000972798	22.8	36.0	71492
2024-09-10-21:43:51	14.700	65535089.000000000	60041736819.000000000	0.184655186	0.000647774	22.8	36.0	71532
2024-09-10-21:44:14	15.660	71878925.000000000	72212638037.000000000	0.200899017	0.000647957	22.8	36.0	71551
2024-09-10-21:44:37	16.720	76830592.000000000	82448094434.000000000	0.218325287	0.001083626	22.8	36.0	71596
2024-09-10-21:45:01	17.770	82276554.000000000	94655797259.999999900	0.232286113	0.000768507	22.8	36.0	71517
2024-09-10-21:45:24	18.750	87392313.000000000	106735140471.000000000	0.245878199	0.000617133	22.8	36.0	71555
2024-09-10-21:45:47	19.810	92860938.000000000	120615850442.000000000	0.260932687	0.000718581	22.8	36.0	71493
2024-09-10-21:46:11	20.800	97876210.000000000	134370013212.000000000	0.275857285	0.000543147	22.8	36.0	71294
2024-09-10-21:46:34	21.790	103835761.000000000	150808991723.000000000	0.288723224	0.001560517	22.8	36.0	71495
2024-09-10-21:46:58	22.770	109559916.000000000	167750389878.000000000	0.304802499	0.001088032	22.8	36.0	71557
2024-09-10-21:47:21	23.780	114956495.000000000	184585400561.000000000	0.319314721	0.000782494	22.8	36.0	71594
2024-09-10-21:47:44	24.790	121024638.000000000	204756593390.000000000	0.336745829	0.000918905	22.8	36.0	71536
2024-09-10-21:48:08	25.890	125651545.000000000	220679840607.000000000	0.349068677	0.001694961	22.8	36.0	71545
2024-09-10-21:48:31	26.940	130659744.000000000	238569264868.000000000	0.361601341	0.003198365	22.8	36.0	71564
2024-09-10-21:48:54	27.980	136101589.000000000	258435147033.000000000	0.375842139	0.001515439	22.8	36.0	71677
2024-09-10-21:49:18	29.040	141006151.000000000	277937793869.000000000	0.392982615	0.001394947	22.8	36.0	71537
2024-09-10-21:49:41	30.030	146216814.000000000	298968806826.000000000	0.409270887	0.001565379	22.8	36.0	71512
2024-09-10-21:50:04	31.060	151882596.000000000	322699884456.000000000	0.424702275	0.000790234	22.8	36.0	71486
2024-09-10-21:50:28	32.070	157784649.000000000	347779672189.000000000	0.444082371	0.001932589	22.8	36.0	71586
2024-09-10-21:50:51	33.120	162809802.000000000	370804051478.000000000	0.458132924	0.001912509	22.8	36.0	71486
2024-09-10-21:51:14	34.230	168548255.000000000	397209095157.000000000	0.474235668	0.004638722	22.8	36.0	71524
2024-09-10-21:51:38	35.250	173378551.000000000	420113127207.000000000	0.482138363	0.001955996	22.8	36.0	71555
2024-09-10-21:52:01	36.240	178392531.000000000	444541828651.000000000	0.495870051	0.003706905	22.8	36.0	71589
2024-09-10-21:52:25	37.230	183779144.000000000	473294206960.000000000	0.513486429	0.002973845	22.8	36.0	71364
2024-09-10-21:52:48	38.260	191049880.000000000	510070548572.000000000	0.535728867	0.005433664	22.8	36.0	71562
2024-09-10-21:53:11	39.250	195300983.000000000	533659221427.000000000	0.540816909	0.004837969	22.8	36.0	71479
2024-09-10-21:53:35	40.260	200736431.000000000	563406306193.000000000	0.555238131	0.005386910	22.8	36.0	71521
2024-09-10-21:53:58	41.300	205984606.000000000	592049553490.000000000	0.566203977	0.009696961	22.8	36.0	71666
2024-09-10-21:54:22	42.350	209778507.000000000	615191941533.000000000	0.575774990	0.003903301	22.8	36.0	71534
2024-09-10-21:54:45	43.380	215041108.000000000	646579432715.999999000	0.591924334	0.001756370	22.8	36.0	71519
2024-09-10-21:55:08	44.420	221039807.000000000	683041374216.999999000	0.605602284	0.001406024	22.8	36.0	71531
2024-09-10-21:55:32	45.440	227113953.000000000	719970466886.999999000	0.622300420	0.004222958	22.8	36.0	71643
2024-09-10-21:55:55	46.490	233071315.000000000	757453731590.999999000	0.638569820	0.000638712	22.8	36.0	71717
2024-09-10-21:56:18	47.500	237741928.000000000	789998598061.999999000	0.649951601	0.000556814	22.8	36.0	71546
2024-09-10-21:56:42	48.520	243711177.000000000	830086165172.999999000	0.663753112	0.001030202	22.8	36.0	71553
2024-09-10-21:57:05	49.580	248256431.000000000	861674745010.999999000	0.673313981	0.001810847	22.8	36.0	71525
2024-09-10-21:57:28	50.600	253472950.000000000	897602172449.999999000	0.686931255	0.000672390	22.8	36.0	71578
2024-09-10-21:57:52	51.640	259832080.000000000	941154096135.999999000	0.700977066	0.000480640	22.8	36.0	71734
2024-09-10-21:58:15	52.640	263761379.000000000	975601094284.999999000	0.716075424	0.000381221	22.8	36.0	71310
2024-09-10-21:58:39	53.690	270925262.000000000	1025820481334.000000000	0.733489143	0.002563354	22.8	36.0	71553
2024-09-10-21:59:02	54.700	276066757.000000000	1065900213657.000000000	0.746443235	0.000480513	22.8	36.0	71501
2024-09-10-21:59:25	0.000	278924402.000000000	1090979495734.000000000	0.756030124	0.003860596	22.8	36.0	71311
2024-09-10-21:59:49	56.790	284188336.000000000	1131419939774.000000000	0.769132390	0.000231347	22.8	36.0	71382
2024-09-10-22:00:12	57.780	290089583.000000000	1176674741279.000000000	0.783917412	0.000384597	22.8	36.0	71517
2024-09-10-22:00:35	58.740	293070960.000000000	1200125581200.000000000	0.800683166	0.008290798	22.8	36.0	71568
2024-09-10-22:00:59	59.760	293099625.000000000	1200242964375.000000000	0.820465856	0.015395944	22.8	36.0	71575
2024-09-10-22:01:22	60.740	292849830.000000000	1199220053850.000000000	0.836850289	0.000461988	22.8	36.0	71514
2024-09-10-22:01:45	61.800	292980870.000000000	1199756662650.000000000	0.849975409	0.000994085	22.8	36.0	71546
2024-09-10-22:02:09	62.780	293140575.000000000	1200410654625.000000000	0.865371370	0.001481758	22.8	36.0	71585
2024-09-10-22:02:32	63.890	292751550.000000000	1198817597250.000000000	0.877245344	0.000283847	22.8	36.0	71490
2024-09-10-22:02:55	64.870	292784310.000000000	1198951749450.000000000	0.893416978	0.000430902	22.8	36.0	71498
2024-09-10-22:03:19	65.810	292907160.000000000	1199454820200.000000000	0.907309277	0.000434263	22.8	36.0	71528
2024-09-10-22:03:42	0.000	0.000000000	0.000000000	0.000002766	0.000000223	22.8	36.0	71524
