2024-09-13-00:24:10	0.000	67290.000000000	68054.000000000	0.000002876	0.000000199	22.7	36.0	71622
2024-09-13-00:24:33	2.160	3622574.000000000	183580126.000000000	0.010152151	0.000053222	22.7	36.0	71491
2024-09-13-00:24:57	3.180	8810777.000000000	1088155397.000000000	0.024731004	0.000104861	22.7	36.0	71342
2024-09-13-00:25:20	4.240	13975725.000000000	2739362165.000000000	0.039581569	0.000060835	22.7	36.0	71302
2024-09-13-00:25:43	5.270	19227702.000000000	5166757914.000000000	0.054406345	0.000103233	22.7	36.0	71555
2024-09-13-00:26:07	6.300	24415829.000000000	8338955087.000000000	0.069234022	0.000078948	22.7	36.0	71488
2024-09-13-00:26:30	7.360	29492048.000000000	12156295464.000000000	0.083595853	0.000135514	22.7	36.0	71550
2024-09-13-00:26:53	8.380	34696343.000000000	16832894611.000000000	0.098120430	0.000184903	22.7	36.0	71517
2024-09-13-00:27:17	9.460	40001808.000000000	22384117238.000000000	0.113400635	0.000204594	22.7	36.0	71486
2024-09-13-00:27:40	10.490	45191771.000000000	28527381517.000000000	0.127924050	0.000236223	22.7	36.0	71591
2024-09-13-00:28:03	11.570	50166908.000000000	35176328402.000000000	0.142152855	0.000293376	22.7	36.0	71546
2024-09-13-00:28:27	12.600	55042728.000000000	42366642782.000000000	0.155483035	0.000280945	22.7	36.0	71512
2024-09-13-00:28:50	13.630	60265587.000000000	50754623155.000000000	0.170414128	0.000407107	22.7	36.0	71559
2024-09-13-00:29:14	14.620	66127548.000000000	61116425754.000000000	0.185218180	0.000595861	22.7	36.0	71550
2024-09-13-00:29:37	15.650	71484650.000000000	71416726852.000000000	0.199250776	0.001011830	22.7	36.0	71554
2024-09-13-00:30:00	16.720	76611296.000000000	82034888648.000000000	0.214183517	0.000885215	22.7	36.0	71547
2024-09-13-00:30:24	17.730	81971444.000000000	93996573409.999999900	0.229688492	0.001116783	22.7	36.0	71486
2024-09-13-00:30:47	18.810	86766626.000000000	105287229696.000000000	0.244506503	0.000518330	22.7	36.0	71504
2024-09-13-00:31:10	19.840	92273804.000000000	118914152010.000000000	0.259934004	0.001054253	22.7	36.0	71602
2024-09-13-00:31:34	20.810	97055401.000000000	131763700285.000000000	0.271863859	0.000828246	22.7	36.0	71490
2024-09-13-00:31:57	21.750	102629328.000000000	146966121248.000000000	0.285183017	0.000931285	22.7	36.0	71669
2024-09-13-00:32:21	22.730	107375681.000000000	161190784845.000000000	0.292334815	0.004580858	22.7	36.0	71529
2024-09-13-00:32:44	23.740	112911383.000000000	178828442891.000000000	0.310856515	0.003813082	22.7	36.0	71293
2024-09-13-00:33:07	24.810	119603412.000000000	199572098434.000000000	0.329628809	0.001048322	22.7	36.0	71680
2024-09-13-00:33:31	25.880	124068093.000000000	215066900905.000000000	0.341116744	0.003120821	22.7	36.0	71573
2024-09-13-00:33:54	26.960	129164868.000000000	233337259288.000000000	0.360495731	0.003390618	22.7	36.0	71501
2024-09-13-00:34:17	28.010	134493476.000000000	252892012468.000000000	0.376814985	0.004682244	22.7	36.0	71531
2024-09-13-00:34:41	29.010	139387886.000000000	271784523462.000000000	0.387988416	0.004871304	22.7	36.0	71490
2024-09-13-00:35:04	29.970	144200511.000000000	291594300515.000000000	0.398667559	0.001360949	22.7	36.0	71313
2024-09-13-00:35:27	30.970	150367875.000000000	315703464097.000000000	0.417456323	0.004567520	22.7	36.0	71624
2024-09-13-00:35:51	32.020	156320370.000000000	341621133232.000000000	0.430518763	0.002904784	22.7	36.0	71535
2024-09-13-00:36:14	33.050	161867668.000000000	366313994540.000000000	0.448068370	0.003492578	22.7	36.0	71534
2024-09-13-00:36:37	34.120	166423702.000000000	387232414106.000000000	0.459747163	0.001511906	22.7	36.0	71528
2024-09-13-00:37:01	35.140	171927157.000000000	413291424699.000000000	0.475901400	0.001471260	22.7	36.0	71529
2024-09-13-00:37:24	36.140	176386952.000000000	434765602586.000000000	0.486918708	0.004074894	22.7	36.0	71563
2024-09-13-00:37:48	37.140	181436768.000000000	460381799374.000000000	0.502214432	0.000433713	22.7	36.0	71505
2024-09-13-00:38:11	38.160	188664984.000000000	497626145472.000000000	0.517232529	0.001105513	22.7	36.0	71540
2024-09-13-00:38:34	39.200	193841181.000000000	525355174855.000000000	0.528881177	0.007006224	22.7	36.0	71529
2024-09-13-00:38:58	40.050	199973409.000000000	559201042703.000000000	0.544403641	0.007356521	22.7	36.0	71517
2024-09-13-00:39:21	41.220	203869707.000000000	580677607525.000000000	0.560700282	0.000833622	22.7	36.0	71577
2024-09-13-00:39:44	42.240	205148656.000000000	588322729246.000000000	0.559238453	0.018062582	22.6	35.0	71554
2024-09-13-00:40:08	43.310	212334422.000000000	630231121177.999999000	0.580534449	0.013243183	22.6	35.0	71545
2024-09-13-00:40:31	44.340	217440047.000000000	661162079588.999999000	0.592072958	0.018947606	22.6	35.0	71519
2024-09-13-00:40:54	45.350	223869734.000000000	700995812189.999999000	0.615120329	0.000459338	22.6	35.0	71495
2024-09-13-00:41:18	46.410	229999944.000000000	738692405667.999999000	0.629236524	0.000267281	22.6	35.0	71613
2024-09-13-00:41:41	47.370	235109894.000000000	772517219667.999999000	0.644852514	0.000393708	22.7	36.0	71554
2024-09-13-00:42:04	48.450	240636458.000000000	807952358587.999999000	0.654009392	0.005152942	22.7	36.0	71670
2024-09-13-00:42:28	49.420	245001590.000000000	838701265873.999999000	0.667473732	0.005932195	22.7	36.0	71570
2024-09-13-00:42:51	50.470	250344868.000000000	875575531395.999999000	0.683303167	0.000610519	22.7	36.0	71579
2024-09-13-00:43:14	51.540	255556013.000000000	912619544700.999999000	0.697690431	0.002831380	22.7	36.0	71562
2024-09-13-00:43:38	52.550	261380125.000000000	955104403916.999999000	0.715032561	0.000144433	22.7	36.0	71531
2024-09-13-00:44:01	53.560	266349979.000000000	994705350582.999999000	0.730366482	0.000530124	22.7	36.0	71320
2024-09-13-00:44:25	54.610	272431035.000000000	1037283601435.000000000	0.742837765	0.000193983	22.7	36.0	71551
2024-09-13-00:44:48	0.000	277403097.000000000	1074560233167.000000000	0.757459811	0.000178911	22.7	36.0	71613
2024-09-13-00:45:11	56.690	282391545.000000000	1113819097877.000000000	0.769567606	0.000310749	22.7	36.0	71596
2024-09-13-00:45:35	57.700	287631321.000000000	1157508792163.000000000	0.784980013	0.000369296	22.7	36.0	71474
2024-09-13-00:45:58	58.700	292919445.000000000	1199505127275.000000000	0.800424832	0.003604469	22.7	36.0	71531
2024-09-13-00:46:21	59.680	292968585.000000000	1199706355575.000000000	0.817117156	0.000746903	22.7	36.0	71543
2024-09-13-00:46:45	60.660	292976775.000000000	1199739893625.000000000	0.832781129	0.000154448	22.7	36.0	71545
2024-09-13-00:47:08	61.730	292817070.000000000	1199085901650.000000000	0.846444000	0.000522537	22.7	36.0	71506
2024-09-13-00:47:31	62.750	293021820.000000000	1199924352900.000000000	0.863286375	0.003150393	22.7	36.0	71556
2024-09-13-00:47:55	63.790	292997250.000000000	1199823738750.000000000	0.879538778	0.003953910	22.7	36.0	71550
2024-09-13-00:48:18	64.750	293234760.000000000	1200796342200.000000000	0.895289853	0.000143721	22.7	36.0	71608
2024-09-13-00:48:41	65.700	292923540.000000000	1199521896300.000000000	0.901117040	0.019134062	22.7	36.0	71532
2024-09-13-00:49:05	0.000	66866.000000000	67578.000000000	0.000002617	0.000000214	22.7	36.0	71516
