2024-07-25-00:50:55	0.000	-0.000032000	0.000000000	0.000001595	0.000000212	20.4	37.0	100
2024-07-25-00:51:19	2.190	-0.000025061	0.000000712	0.010576772	0.000063394	20.4	37.0	99
2024-07-25-00:51:43	3.170	-0.000015000	0.000000000	0.024506308	0.000107810	20.4	37.0	99
2024-07-25-00:52:07	4.180	-0.000004970	0.000000172	0.038758392	0.000082179	20.4	37.0	99
2024-07-25-00:52:31	5.170	0.000005000	0.000000000	0.053132356	0.000100088	20.4	37.0	99
2024-07-25-00:52:55	6.150	0.000015485	0.000000502	0.067861915	0.000113393	20.4	37.0	99
2024-07-25-00:53:19	7.160	0.000025600	0.000001073	0.082179264	0.000144624	20.4	37.0	100
2024-07-25-00:53:43	8.150	0.000035980	0.000000141	0.097163597	0.000211201	20.4	37.0	100
2024-07-25-00:54:06	9.170	0.000046000	0.000000000	0.111612859	0.000100398	20.4	37.0	100
2024-07-25-00:54:30	10.180	0.000056000	0.000000000	0.125924264	0.000208548	20.4	37.0	100
2024-07-25-00:54:54	11.150	0.000065899	0.000000303	0.139943239	0.000275678	20.4	37.0	99
2024-07-25-00:55:18	12.190	0.000075687	0.000000466	0.152688293	0.000275770	20.4	37.0	99
2024-07-25-00:55:42	13.150	0.000085790	0.000000409	0.167642494	0.000215813	20.4	37.0	100
2024-07-25-00:56:06	14.110	0.000094990	0.000000101	0.182023417	0.000308786	20.4	37.0	99
2024-07-25-00:56:30	15.100	0.000105000	0.000000000	0.196005837	0.000507338	20.4	37.0	99
2024-07-25-00:56:54	16.110	0.000116133	0.000000341	0.211715742	0.000839698	20.4	37.0	98
2024-07-25-00:57:17	17.090	0.000125418	0.000000516	0.226376664	0.000904847	20.4	37.0	98
2024-07-25-00:57:41	18.110	0.000136364	0.000001381	0.241579118	0.000789682	20.4	37.0	99
2024-07-25-00:58:05	19.140	0.000146470	0.000000627	0.255479142	0.000629796	20.4	37.0	100
2024-07-25-00:58:29	20.040	0.000155070	0.000000432	0.267123137	0.000874902	20.4	37.0	100
2024-07-25-00:58:53	20.960	0.000163090	0.000001272	0.278966278	0.001522426	20.4	37.0	100
2024-07-25-00:59:17	21.920	0.000173270	0.000000952	0.293781897	0.001025068	20.4	37.0	100
2024-07-25-00:59:41	22.880	0.000183360	0.000001494	0.308040763	0.001581308	20.4	37.0	100
2024-07-25-01:00:04	23.810	0.000193480	0.000000759	0.323688652	0.000659868	20.4	37.0	100
2024-07-25-01:00:29	24.820	0.000203531	0.000000840	0.338248344	0.000891422	20.4	37.0	98
2024-07-25-01:00:52	25.780	0.000211490	0.000001387	0.349687573	0.002511916	20.4	37.0	98
2024-07-25-01:01:16	26.830	0.000221838	0.000001047	0.364387538	0.001125208	20.4	37.0	99
2024-07-25-01:01:40	27.860	0.000231550	0.000001431	0.378117597	0.000914450	20.4	37.0	100
2024-07-25-01:02:04	28.820	0.000241100	0.000001411	0.392903323	0.000690579	20.4	37.0	100
2024-07-25-01:02:28	29.830	0.000251950	0.000000359	0.407789522	0.000575245	20.4	37.0	100
2024-07-25-01:02:52	30.790	0.000261500	0.000000859	0.422623793	0.001190987	20.4	37.0	100
2024-07-25-01:03:16	31.690	0.000271020	0.000001853	0.437698786	0.002439994	20.4	37.0	100
2024-07-25-01:03:40	32.710	0.000281212	0.000002745	0.453515329	0.001415788	20.4	37.0	99
2024-07-25-01:04:03	33.700	0.000291576	0.000001041	0.467813770	0.000376186	20.4	37.0	99
2024-07-25-01:04:27	34.740	0.000300200	0.000001378	0.480170469	0.001569823	20.4	37.0	100
2024-07-25-01:04:51	35.740	0.000309202	0.000001301	0.492654440	0.001854342	20.4	37.0	99
2024-07-25-01:05:15	36.620	0.000318102	0.000002322	0.502618276	0.003573288	20.4	37.0	98
2024-07-25-01:05:39	37.460	0.000331051	0.000005059	0.520341097	0.011633552	20.4	37.0	98
2024-07-25-01:06:03	38.600	0.000341286	0.000000626	0.538345484	0.003366194	20.4	37.0	98
2024-07-25-01:06:27	39.590	0.000350580	0.000000554	0.550770227	0.000399958	20.4	37.0	100
2024-07-25-01:06:51	40.570	0.000358950	0.000000297	0.562372194	0.000916035	20.4	37.0	100
2024-07-25-01:07:15	41.600	0.000367110	0.000001969	0.572886396	0.003371359	20.4	37.0	100
2024-07-25-01:07:38	42.450	0.000371930	0.000005164	0.576039490	0.010779105	20.4	37.0	100
2024-07-25-01:08:02	43.470	0.000387340	0.000001289	0.601121920	0.003972402	20.4	37.0	100
2024-07-25-01:08:26	44.450	0.000398859	0.000000378	0.620257489	0.004256426	20.4	37.0	99
2024-07-25-01:08:50	45.450	0.000408480	0.000000870	0.631934702	0.000351868	20.4	37.0	100
2024-07-25-01:09:14	46.490	0.000418121	0.000000328	0.645316973	0.000139489	20.4	37.0	99
2024-07-25-01:09:38	47.470	0.000426745	0.000001582	0.657395732	0.002601185	20.5	37.0	98
2024-07-25-01:10:02	48.440	0.000436980	0.000000202	0.670547475	0.003861802	20.5	37.0	98
2024-07-25-01:10:26	49.470	0.000447000	0.000000000	0.685325384	0.000239422	20.5	37.0	99
2024-07-25-01:10:49	50.410	0.000457000	0.000000000	0.699663304	0.000165715	20.5	37.0	98
2024-07-25-01:11:14	51.400	0.000467000	0.000000000	0.714783026	0.000108501	20.4	37.0	100
2024-07-25-01:11:37	52.260	0.000476500	0.000001636	0.728230487	0.000107061	20.4	37.0	100
2024-07-25-01:12:01	53.340	0.000485250	0.000000957	0.740534415	0.000165115	20.4	37.0	100
2024-07-25-01:12:25	54.340	0.000495000	0.000000000	0.752595965	0.000220765	20.4	37.0	99
2024-07-25-01:12:49	55.270	0.000504939	0.000000240	0.766037531	0.000249835	20.4	37.0	99
2024-07-25-01:13:13	56.280	0.000513970	0.000000300	0.779053051	0.000548740	20.5	37.0	100
2024-07-25-01:13:37	57.210	0.000523950	0.000000500	0.793052539	0.001234102	20.5	37.0	100
2024-07-25-01:14:01	58.140	0.000533000	0.000000000	0.806549098	0.000256400	20.5	37.0	99
2024-07-25-01:14:25	59.150	0.000542000	0.000000000	0.819431799	0.000246281	20.5	37.0	99
2024-07-25-01:14:48	60.130	0.000551960	0.000000197	0.832877914	0.000341025	20.5	37.0	100
2024-07-25-01:15:13	61.150	0.000561640	0.000000482	0.846237117	0.000419079	20.5	37.0	100
2024-07-25-01:15:37	62.090	0.000571250	0.000000702	0.860105652	0.002104051	20.5	37.0	100
2024-07-25-01:16:00	62.990	0.000580080	0.000000273	0.873785961	0.000178776	20.5	37.0	100
2024-07-25-01:16:24	63.940	0.000589000	0.000000000	0.885115745	0.000308746	20.5	37.0	100
2024-07-25-01:16:48	64.910	0.000598000	0.000000000	0.897022164	0.000101723	20.5	37.0	100
2024-07-25-01:17:12	65.900	0.000609000	0.000000000	0.911711146	0.000172287	20.5	37.0	99
2024-07-25-01:17:36	66.890	0.000619367	0.000000485	0.927064726	0.000310949	20.5	37.0	98
2024-07-25-01:18:00	67.830	0.000629000	0.000000000	0.941286482	0.000389039	20.5	37.0	99
2024-07-25-01:18:24	68.800	0.000638092	0.000000290	0.955309389	0.000339052	20.5	37.0	98
2024-07-25-01:18:47	0.000	-0.000024980	0.000067044	0.000001511	0.000000218	20.5	37.0	100
