2024-09-19-15:55:46	0.000	0.000000000	0.000000000	0.000000991	0.000000199	21.2	35.0	71616
2024-09-19-15:56:09	2.190	3669367.000000000	188211609.000000000	0.010671870	0.000070268	21.2	35.0	71544
2024-09-19-15:56:33	3.190	8761060.000000000	1073082396.000000000	0.025313890	0.000060982	21.2	35.0	71530
2024-09-19-15:56:56	4.230	13865105.000000000	2689005617.000000000	0.040022659	0.000145201	21.2	35.0	71493
2024-09-19-15:57:19	5.240	19126296.000000000	5115102330.000000000	0.054675698	0.000112600	21.2	35.0	71517
2024-09-19-15:57:43	6.240	24264527.000000000	8230159065.000000000	0.069339577	0.000101338	21.1	35.0	71538
2024-09-19-15:58:06	7.270	29429641.000000000	12098816631.000000000	0.083650016	0.000121703	21.1	35.0	71586
2024-09-19-15:58:30	8.270	34648967.000000000	16793767707.000000000	0.098557224	0.000179246	21.1	35.0	71488
2024-09-19-15:58:53	9.320	39962799.000000000	22321388251.000000000	0.114156630	0.000395812	21.1	35.0	71547
2024-09-19-15:59:16	10.320	45149505.000000000	28568671181.000000000	0.127913871	0.000599866	21.1	35.0	71354
2024-09-19-15:59:40	11.330	50470387.000000000	35545752627.000000000	0.141430598	0.000468815	21.1	35.0	71662
2024-09-19-16:00:03	12.360	55658063.000000000	43306366939.000000000	0.155458213	0.000507875	21.1	35.0	71534
2024-09-19-16:00:26	13.340	60788096.000000000	51650551380.000000000	0.168603001	0.000338353	21.1	35.0	71544
2024-09-19-16:00:50	14.360	66091799.000000000	60984790463.000000000	0.181432910	0.000617368	21.1	35.0	71628
2024-09-19-16:01:13	15.330	71650232.000000000	71751053824.000000000	0.195740953	0.000627607	21.1	35.0	71553
2024-09-19-16:01:36	16.320	76936978.000000000	82740625030.000000000	0.211955378	0.000490081	21.1	35.0	71543
2024-09-19-16:02:00	17.340	81713949.000000000	93289667566.999999900	0.224926137	0.000921627	21.1	35.0	71576
2024-09-19-16:02:23	18.360	88064851.000000000	108452180635.000000000	0.242056264	0.001619882	21.1	35.0	71515
2024-09-19-16:02:46	19.400	92274296.000000000	119388255872.000000000	0.254683648	0.001643396	21.1	35.0	71320
2024-09-19-16:03:10	20.390	98297863.000000000	134757619061.000000000	0.268036670	0.001747170	21.1	35.0	71706
2024-09-19-16:03:33	21.360	104303706.000000000	151663985622.000000000	0.282063284	0.000998966	21.1	35.0	71735
2024-09-19-16:03:57	22.380	108769748.000000000	165045378552.000000000	0.294771202	0.000871963	21.1	35.0	71685
2024-09-19-16:04:20	23.360	114141593.000000000	181951038515.000000000	0.310137023	0.001423497	21.1	35.0	71607
2024-09-19-16:04:43	24.380	120074464.000000000	201696758212.000000000	0.325735009	0.002065468	21.1	35.0	71485
2024-09-19-16:05:07	25.400	124444387.000000000	216589861023.000000000	0.336567357	0.002147025	21.1	35.0	71503
2024-09-19-16:05:30	26.500	128988420.000000000	232451074394.000000000	0.349374189	0.003321111	21.1	35.0	71577
2024-09-19-16:05:53	27.470	132712557.000000000	246222325939.000000000	0.358132088	0.002624861	21.1	35.0	71533
2024-09-19-16:06:17	28.470	137785705.000000000	266388445531.000000000	0.372186268	0.005237397	21.1	35.0	71269
2024-09-19-16:06:40	29.450	143836542.000000000	289120065818.000000000	0.390428042	0.003560271	21.1	35.0	71559
2024-09-19-16:07:03	30.430	148835723.000000000	309904077135.000000000	0.404266340	0.007483396	21.1	35.0	71481
2024-09-19-16:07:27	31.450	154976337.000000000	335225290689.000000000	0.423720822	0.002541476	21.1	35.0	71648
2024-09-19-16:07:50	32.450	160687751.000000000	360347551045.000000000	0.440678642	0.001004490	21.1	35.0	71655
2024-09-19-16:08:13	33.380	164767490.000000000	380588414086.000000000	0.454697511	0.001172248	21.1	35.0	71333
2024-09-19-16:08:37	34.520	169030839.000000000	400771455643.000000000	0.462912948	0.005045377	21.1	35.0	71294
2024-09-19-16:09:00	35.510	175158428.000000000	428507676880.000000000	0.480598385	0.004704236	21.1	35.0	71603
2024-09-19-16:09:24	36.550	181010005.000000000	457680069369.000000000	0.499420657	0.001402518	21.1	35.0	71591
2024-09-19-16:09:47	37.540	187364597.000000000	489939635317.000000000	0.514570278	0.000546666	21.1	35.0	71657
2024-09-19-16:10:10	38.480	192846489.000000000	519931849481.000000000	0.530865482	0.001024063	21.1	35.0	71533
2024-09-19-16:10:34	39.480	199898788.000000000	558846095458.000000000	0.547658734	0.002718866	21.2	35.0	71515
2024-09-19-16:10:57	40.490	203718655.000000000	580053549853.000000000	0.558910564	0.001324088	21.2	35.0	71550
2024-09-19-16:11:20	41.530	207845846.000000000	604101633094.000000000	0.570786638	0.001058534	21.2	35.0	71511
2024-09-19-16:11:44	42.460	212423006.000000000	631170700833.999999000	0.584607440	0.001304246	21.2	35.0	71492
2024-09-19-16:12:07	43.540	217823934.000000000	662578946349.999999000	0.598780403	0.001956455	21.2	35.0	71610
2024-09-19-16:12:31	44.530	223820350.000000000	700626026387.999999000	0.613769975	0.000424349	21.2	35.0	71502
2024-09-19-16:12:54	45.530	230531991.000000000	740748850586.999999000	0.629149640	0.000850061	21.2	35.0	71745
2024-09-19-16:13:17	46.550	235560372.000000000	775407915141.999999000	0.644679254	0.000230969	21.2	35.0	71561
2024-09-19-16:13:41	47.560	240812136.000000000	809776019917.999999000	0.657830509	0.000176915	21.2	35.0	71613
2024-09-19-16:14:04	48.560	245343528.000000000	842208052243.999999000	0.673273598	0.000256213	21.2	35.0	71471
2024-09-19-16:14:27	49.590	249639154.000000000	874441778087.999999000	0.684431689	0.000256599	21.1	35.0	71268
2024-09-19-16:14:51	50.570	256522243.000000000	918583748470.999999000	0.698780088	0.000280562	21.1	35.0	71636
2024-09-19-16:15:14	51.590	261736169.000000000	957427126476.999999000	0.715374069	0.000223920	21.1	35.0	71552
2024-09-19-16:15:37	52.560	267170844.000000000	998283480683.999999000	0.729292885	0.000228505	21.1	35.0	71503
2024-09-19-16:16:01	53.550	272479972.000000000	1038410864562.000000000	0.745299147	0.000167547	21.1	35.0	71499
2024-09-19-16:16:24	54.610	277556526.000000000	1077600056736.000000000	0.758405069	0.000435811	21.2	35.0	71490
2024-09-19-16:16:47	55.610	282740450.000000000	1116635515746.000000000	0.771190615	0.000356881	21.2	35.0	71592
2024-09-19-16:17:11	56.590	288056522.000000000	1158631646692.000000000	0.785208148	0.000271996	21.2	35.0	71616
2024-09-19-16:17:34	57.580	293054580.000000000	1200058505100.000000000	0.800716306	0.000204672	21.2	35.0	71564
2024-09-19-16:17:57	58.540	292034925.000000000	1195883017875.000000000	0.815878484	0.003338247	21.2	35.0	71315
2024-09-19-16:18:21	59.530	293951385.000000000	1203730921575.000000000	0.828809843	0.000277610	21.1	35.0	71783
2024-09-19-16:18:44	60.530	292088160.000000000	1196101015200.000000000	0.840992385	0.000385376	21.1	35.0	71328
2024-09-19-16:19:07	61.550	292935825.000000000	1199572203375.000000000	0.856388502	0.000159410	21.1	35.0	71535
2024-09-19-16:19:31	62.590	293472270.000000000	1201768945650.000000000	0.869816389	0.002103507	21.1	35.0	71666
2024-09-19-16:19:54	63.560	292960395.000000000	1199672817525.000000000	0.885711510	0.000286969	21.1	35.0	71541
2024-09-19-16:20:18	64.520	293009535.000000000	1199874045825.000000000	0.900720150	0.000326039	21.1	35.0	71553
2024-09-19-16:20:41	0.000	0.000000000	0.000000000	0.000001292	0.000000202	21.1	35.0	71505
