2024-09-20-00:11:15	0.000	0.000000000	0.000000000	0.000000878	0.000000212	21.0	37.0	71497
2024-09-20-00:11:38	2.170	3633113.000000000	184485581.000000000	0.010461629	0.000053209	21.0	37.0	71553
2024-09-20-00:12:01	3.180	8738385.000000000	1067994761.000000000	0.024787046	0.000143522	21.0	37.0	71499
2024-09-20-00:12:25	4.210	13885809.000000000	2696593981.000000000	0.039096247	0.000139731	21.0	37.0	71504
2024-09-20-00:12:49	5.220	19215167.000000000	5153452379.000000000	0.053800367	0.000196790	21.0	37.0	71646
2024-09-20-00:13:12	6.220	24374147.000000000	8304919813.000000000	0.068331497	0.000123210	21.0	37.0	71536
2024-09-20-00:13:35	7.260	29585242.000000000	12239936972.000000000	0.082150069	0.000247000	21.0	37.0	71511
2024-09-20-00:13:59	8.260	34824838.000000000	16947854286.000000000	0.096793326	0.000127483	21.0	37.0	71559
2024-09-20-00:14:22	9.300	40239947.000000000	22626732725.000000000	0.111903312	0.000223326	21.0	37.0	71564
2024-09-20-00:14:46	10.320	45422437.000000000	28835926995.000000000	0.125913051	0.000190284	20.9	37.0	71550
2024-09-20-00:15:09	11.330	50705975.000000000	36002917865.000000000	0.141864915	0.000506735	20.9	37.0	71414
2024-09-20-00:15:32	12.330	56206711.000000000	44192092791.000000000	0.156094669	0.000564052	20.9	37.0	71489
2024-09-20-00:15:56	13.320	61410825.000000000	52615685677.000000000	0.170311124	0.000725910	20.9	37.0	71678
2024-09-20-00:16:19	14.360	66187062.000000000	61360408926.000000000	0.183291340	0.000597675	20.9	37.0	71395
2024-09-20-00:16:42	15.340	72049556.000000000	72836721522.000000000	0.198118515	0.000721781	21.0	37.0	71273
2024-09-20-00:17:06	16.300	77579617.000000000	84124772700.999999900	0.213712554	0.000636203	21.0	37.0	71546
2024-09-20-00:17:29	17.350	82302930.000000000	95015701805.999999900	0.229410326	0.000543459	21.0	37.0	71293
2024-09-20-00:17:52	18.350	88606066.000000000	109552461208.000000000	0.243399616	0.000749906	21.0	37.0	71670
2024-09-20-00:18:16	19.410	92759783.000000000	120575486113.000000000	0.259300947	0.000342702	21.0	37.0	71362
2024-09-20-00:18:39	20.400	98315285.000000000	135129403871.000000000	0.273213603	0.000518964	21.0	37.0	71532
2024-09-20-00:19:03	21.430	102938180.000000000	148142702324.000000000	0.286750160	0.001451056	21.0	37.0	71530
2024-09-20-00:19:26	22.400	108543008.000000000	164650076576.000000000	0.302272736	0.001020282	21.0	37.0	71557
2024-09-20-00:19:49	23.460	113793349.000000000	180993148347.000000000	0.316884190	0.002072266	21.0	37.0	71555
2024-09-20-00:20:13	24.350	120268145.000000000	202337358239.000000000	0.329207981	0.001290144	21.0	37.0	71489
2024-09-20-00:20:36	25.370	125103996.000000000	219437682782.000000000	0.341221964	0.001684547	21.0	37.0	71328
2024-09-20-00:20:59	26.390	129856961.000000000	235770433177.000000000	0.356751658	0.002909695	21.0	37.0	71524
2024-09-20-00:21:23	27.410	133944936.000000000	250258795530.000000000	0.370869159	0.001101541	21.0	37.0	71692
2024-09-20-00:21:46	28.360	139290042.000000000	270411670416.000000000	0.385160925	0.000842861	21.0	37.0	71749
2024-09-20-00:22:09	29.430	144233138.000000000	290178803174.000000000	0.399661033	0.000302973	20.9	37.0	71691
2024-09-20-00:22:33	30.410	149269050.000000000	311447741346.000000000	0.412893096	0.000447526	20.9	37.0	71541
2024-09-20-00:22:56	31.450	155314033.000000000	337288167673.000000000	0.426267763	0.001607443	20.9	37.0	71522
2024-09-20-00:23:19	32.390	161738178.000000000	365948633042.000000000	0.441009558	0.001210716	20.9	37.0	71487
2024-09-20-00:23:43	33.410	167602109.000000000	392561455541.000000000	0.452036333	0.003016468	20.9	37.0	71561
2024-09-20-00:24:06	34.480	171726371.000000000	411264388145.000000000	0.464757081	0.000348050	20.9	37.0	71706
2024-09-20-00:24:30	35.440	176975809.000000000	438033584633.000000000	0.475160936	0.002391622	20.9	37.0	71508
2024-09-20-00:24:53	36.480	182297104.000000000	464664563806.000000000	0.492255384	0.000701666	20.9	37.0	71523
2024-09-20-00:25:16	37.460	187020955.000000000	490352487545.000000000	0.503699300	0.004081868	20.9	37.0	71334
2024-09-20-00:25:40	38.410	193471777.000000000	523122333149.000000000	0.519407681	0.001976605	20.9	37.0	71554
2024-09-20-00:26:03	39.430	199066498.000000000	553976088058.000000000	0.532902630	0.001307151	20.9	37.0	71533
2024-09-20-00:26:26	40.410	204422759.000000000	582916613245.000000000	0.546772485	0.000351759	20.9	37.0	71689
2024-09-20-00:26:50	41.360	208762203.000000000	607800173135.000000000	0.554952102	0.005299624	20.9	37.0	71705
2024-09-20-00:27:13	42.480	213795836.000000000	638534905355.999999000	0.573923023	0.000355591	20.9	37.0	71584
2024-09-20-00:27:36	43.440	218950549.000000000	668187278350.999999000	0.587794262	0.001413168	20.9	37.0	71747
2024-09-20-00:28:00	44.410	226426663.000000000	715074618764.999999000	0.604698709	0.002833121	20.9	37.0	71700
2024-09-20-00:28:23	45.400	231700515.000000000	750510515958.999999000	0.618327929	0.000279883	20.9	37.0	71533
2024-09-20-00:28:46	46.460	237300024.000000000	785561327927.999999000	0.635520456	0.000628212	20.9	37.0	71684
2024-09-20-00:29:10	47.490	241299135.000000000	814346061292.999999000	0.648528063	0.001985751	20.9	37.0	71500
2024-09-20-00:29:33	48.500	246356892.000000000	849053201903.999999000	0.662531816	0.000501980	20.9	37.0	71482
2024-09-20-00:29:56	49.550	251561772.000000000	884450656751.999999000	0.676583684	0.000289668	20.9	37.0	71551
2024-09-20-00:30:20	50.530	257147064.000000000	923670166829.999999000	0.691430936	0.000200735	20.9	37.0	71589
2024-09-20-00:30:43	51.540	263436741.000000000	967785428776.999999000	0.706933233	0.000264034	20.9	37.0	71709
2024-09-20-00:31:07	52.510	268369148.000000000	1007286666032.000000000	0.722177780	0.000200684	20.9	37.0	71501
2024-09-20-00:31:30	53.510	272508904.000000000	1041331605018.000000000	0.735094004	0.004947110	20.9	37.0	71316
2024-09-20-00:31:53	54.530	278739540.000000000	1085135961644.000000000	0.748868586	0.000154996	20.9	37.0	71600
2024-09-20-00:32:17	55.560	283273390.000000000	1122102830446.000000000	0.761825452	0.000258822	20.9	37.0	71512
2024-09-20-00:32:40	56.540	289557724.000000000	1169384230388.000000000	0.775396506	0.000391525	20.9	37.0	71699
2024-09-20-00:33:03	57.520	292988435.000000000	1199454483299.000000000	0.788714629	0.008734706	20.9	37.0	71568
2024-09-20-00:33:27	58.470	293079150.000000000	1200159119250.000000000	0.804368027	0.000229630	20.9	37.0	71570
2024-09-20-00:33:50	59.460	293468175.000000000	1201752176625.000000000	0.817970517	0.000130114	20.9	37.0	71665
2024-09-20-00:34:13	60.450	293075055.000000000	1200142350225.000000000	0.828910142	0.008818678	20.9	37.0	71569
2024-09-20-00:34:37	61.480	292841640.000000000	1199186515800.000000000	0.845154537	0.000302008	20.9	37.0	71512
2024-09-20-00:35:00	62.480	293357610.000000000	1201299412950.000000000	0.859566487	0.000425414	20.9	37.0	71638
2024-09-20-00:35:24	63.480	293058675.000000000	1200075274125.000000000	0.874707898	0.000360064	20.9	37.0	71565
2024-09-20-00:35:47	64.450	293595120.000000000	1202272016400.000000000	0.888603823	0.000153990	20.9	37.0	71696
2024-09-20-00:36:10	0.000	0.000000000	0.000000000	0.000001096	0.000000221	20.9	37.0	71477
