2024-09-12-23:58:51	0.000	67177.000000000	67921.000000000	0.000002844	0.000000242	22.7	36.0	71555
2024-09-12-23:59:14	2.160	3713629.000000000	192689977.000000000	0.010435009	0.000066208	22.7	36.0	71578
2024-09-12-23:59:37	3.170	8900168.000000000	1106509420.000000000	0.024867875	0.000123488	22.7	36.0	71590
2024-09-13-00:00:01	4.210	14042934.000000000	2764154726.000000000	0.039466723	0.000118465	22.7	36.0	71344
2024-09-13-00:00:24	5.230	19161979.000000000	5148473437.000000000	0.054130084	0.000099171	22.7	36.0	71319
2024-09-13-00:00:47	6.260	24413984.000000000	8331864522.000000000	0.068906060	0.000181727	22.8	36.0	71538
2024-09-13-00:01:11	7.300	29681365.000000000	12290026057.000000000	0.083471058	0.000081643	22.8	36.0	71683
2024-09-13-00:01:34	8.320	34839937.000000000	16967780035.000000000	0.098022349	0.000210394	22.8	36.0	71537
2024-09-13-00:01:57	9.370	40105035.000000000	22483438879.000000000	0.113594138	0.000286886	22.8	36.0	71538
2024-09-13-00:02:21	10.420	45427090.000000000	28863193090.000000000	0.129278977	0.000263506	22.8	36.0	71497
2024-09-13-00:02:44	11.450	50475888.000000000	35734915756.000000000	0.143508262	0.000458132	22.7	36.0	71298
2024-09-13-00:03:07	12.480	55521963.000000000	43058136809.000000000	0.157073803	0.000410065	22.7	36.0	71594
2024-09-13-00:03:31	13.510	60659812.000000000	51430379116.000000000	0.171108021	0.000484649	22.7	36.0	71546
2024-09-13-00:03:54	14.530	65614370.000000000	60134349110.000000000	0.183396155	0.000472227	22.7	36.0	71594
2024-09-13-00:04:17	15.530	71420216.000000000	71248824234.000000000	0.200040407	0.000621300	22.7	36.0	71593
2024-09-13-00:04:41	16.610	76784579.000000000	82408811999.000000000	0.215615906	0.000803725	22.7	36.0	71547
2024-09-13-00:05:04	17.570	82217773.000000000	94504535366.999999900	0.230572178	0.000386599	22.7	36.0	71529
2024-09-13-00:05:28	18.600	86821684.000000000	105417884694.000000000	0.245076559	0.000319042	22.7	36.0	71506
2024-09-13-00:05:51	19.680	91730682.000000000	117636349026.000000000	0.258406222	0.000410800	22.7	36.0	71530
2024-09-13-00:06:14	20.620	96858919.000000000	131247800377.000000000	0.270772159	0.000466191	22.7	36.0	71481
2024-09-13-00:06:38	21.620	102551809.000000000	146936948171.000000000	0.284503602	0.000998762	22.7	36.0	71575
2024-09-13-00:07:01	22.610	108117969.000000000	163128166611.000000000	0.299747558	0.003270534	22.7	36.0	71660
2024-09-13-00:07:24	23.550	112754583.000000000	178210383127.000000000	0.311651888	0.002167560	22.7	36.0	71341
2024-09-13-00:07:48	24.620	119124383.000000000	198267179563.000000000	0.329229150	0.002206437	22.7	36.0	71575
2024-09-13-00:08:11	25.720	123839491.000000000	214323807999.000000000	0.338513537	0.003429196	22.7	36.0	71557
2024-09-13-00:08:34	26.700	129040528.000000000	232257739264.000000000	0.352651275	0.002479182	22.7	36.0	71695
2024-09-13-00:08:58	27.830	133995892.000000000	250959207806.000000000	0.374883665	0.005182443	22.7	36.0	71547
2024-09-13-00:09:21	28.750	139350043.000000000	271393259005.000000000	0.382082006	0.000973481	22.7	36.0	71554
2024-09-13-00:09:45	29.790	144043337.000000000	290971098927.000000000	0.399389706	0.001841106	22.7	36.0	71310
2024-09-13-00:10:08	30.760	150172372.000000000	315279931722.000000000	0.413895094	0.000471679	22.7	36.0	71533
2024-09-13-00:10:31	31.840	155658457.000000000	338632574135.000000000	0.431030387	0.000724485	22.7	36.0	71552
2024-09-13-00:10:55	32.830	161203381.000000000	363111012797.000000000	0.445740480	0.001266543	22.7	36.0	71567
2024-09-13-00:11:18	33.900	166815399.000000000	388715160749.000000000	0.461574711	0.001039038	22.7	36.0	71591
2024-09-13-00:11:41	34.900	171682929.000000000	412029367477.000000000	0.476083462	0.001555135	22.7	36.0	71541
2024-09-13-00:12:05	35.900	176714721.000000000	436831192911.000000000	0.486790983	0.001342870	22.7	36.0	71494
2024-09-13-00:12:28	36.950	182007596.000000000	463052386170.000000000	0.500794123	0.001175533	22.7	36.0	71547
2024-09-13-00:12:51	37.990	187620898.000000000	492646553858.000000000	0.519038872	0.001540677	22.7	36.0	71461
2024-09-13-00:13:15	38.910	193205587.000000000	523740950855.000000000	0.535790794	0.000386824	22.7	36.0	71276
2024-09-13-00:13:38	39.940	199363395.000000000	555927755857.000000000	0.547680699	0.006217042	22.7	36.0	71496
2024-09-13-00:14:01	41.050	203544837.000000000	579180840903.000000000	0.562186747	0.004014488	22.7	36.0	71533
2024-09-13-00:14:25	42.110	206110391.000000000	592487388285.000000000	0.568860925	0.008986533	22.7	36.0	71715
2024-09-13-00:14:48	42.990	212060764.000000000	628369805133.999999000	0.577595069	0.014609669	22.7	36.0	71572
2024-09-13-00:15:11	44.210	218539428.000000000	667661567271.999999000	0.593037770	0.017002407	22.7	36.0	71534
2024-09-13-00:15:35	45.160	224190919.000000000	703073840592.999999000	0.614760531	0.001498555	22.7	36.0	71489
2024-09-13-00:15:58	46.220	229654279.000000000	737555234044.999999000	0.628232728	0.001068777	22.7	36.0	71508
2024-09-13-00:16:21	47.240	234854213.000000000	770947971826.999999000	0.643481632	0.000764275	22.7	36.0	71544
2024-09-13-00:16:45	48.290	239988056.000000000	805188378601.999999000	0.655236936	0.000549019	22.7	36.0	71529
2024-09-13-00:17:08	49.300	244863253.000000000	838588260890.999999000	0.666713109	0.003992280	22.7	36.0	71499
2024-09-13-00:17:31	50.370	250461996.000000000	875596234683.999999000	0.683594528	0.000899517	22.7	36.0	71644
2024-09-13-00:17:55	51.400	255448681.000000000	912120804316.999999000	0.694978997	0.000299151	22.7	36.0	71541
2024-09-13-00:18:18	52.410	261405560.000000000	954729748193.999999000	0.711535338	0.000273517	22.7	36.0	71573
2024-09-13-00:18:42	53.200	267286791.000000000	996677208508.999999000	0.720629381	0.012134912	22.7	36.0	71681
2024-09-13-00:19:05	54.450	271982674.000000000	1034942518632.000000000	0.742033583	0.000612558	22.7	36.0	71477
2024-09-13-00:19:28	53.790	276950001.000000000	1072175710141.000000000	0.754696857	0.000448486	22.7	36.0	71538
2024-09-13-00:19:52	56.550	282084994.000000000	1112941115282.000000000	0.769010196	0.000346739	22.7	36.0	71497
2024-09-13-00:20:15	57.530	286390039.000000000	1149939325797.000000000	0.783049488	0.000248370	22.7	36.0	71325
2024-09-13-00:20:38	58.540	292002165.000000000	1195748865675.000000000	0.799053689	0.000805903	22.7	36.0	71307
2024-09-13-00:21:02	59.530	293042295.000000000	1200008198025.000000000	0.814845327	0.000405670	22.7	36.0	71561
2024-09-13-00:21:25	60.530	293791680.000000000	1203076929600.000000000	0.828063449	0.000228380	22.7	36.0	71744
2024-09-13-00:21:49	61.580	292939920.000000000	1199588972400.000000000	0.843336190	0.001002801	22.7	36.0	71536
2024-09-13-00:22:12	62.620	293054580.000000000	1200058505100.000000000	0.858201069	0.000372899	22.7	36.0	71564
2024-09-13-00:22:36	63.680	292817070.000000000	1199085901650.000000000	0.870962358	0.000392121	22.7	36.0	71506
2024-09-13-00:22:59	64.640	293275710.000000000	1200964032450.000000000	0.882558222	0.000207495	22.7	36.0	71618
2024-09-13-00:23:22	65.600	292964490.000000000	1199689586550.000000000	0.895689641	0.000838316	22.7	36.0	71542
2024-09-13-00:23:46	0.000	67219.000000000	67953.000000000	0.000002755	0.000000226	22.7	36.0	71581
