2024-09-14-04:53:31	0.000	63961.000000000	64307.000000000	0.000001758	0.000000227	21.4	33.0	71685
2024-09-14-04:53:55	2.190	3858001.000000000	207941293.000000000	0.010610209	0.000065597	21.4	33.0	71583
2024-09-14-04:54:18	3.180	9039273.000000000	1141985399.000000000	0.024850204	0.000145590	21.4	33.0	71551
2024-09-14-04:54:41	4.210	14265908.000000000	2846016276.000000000	0.039266378	0.000159606	21.4	33.0	71510
2024-09-14-04:55:05	5.210	19624805.000000000	5372606825.000000000	0.053643380	0.000148026	21.4	33.0	71685
2024-09-14-04:55:28	6.200	24908459.000000000	8647289685.000000000	0.068067756	0.000212227	21.4	33.0	71749
2024-09-14-04:55:52	7.230	30182264.000000000	12731971138.000000000	0.082403487	0.000237098	21.4	33.0	71550
2024-09-14-04:56:15	8.240	35539181.000000000	17655010197.000000000	0.097793634	0.000216067	21.4	33.0	71540
2024-09-14-04:56:38	9.280	40928961.000000000	23435818897.000000000	0.112627143	0.000355174	21.4	33.0	71480
2024-09-14-04:57:02	10.300	46274294.000000000	29899241246.000000000	0.126982967	0.000641235	21.4	33.0	71618
2024-09-14-04:57:25	11.320	51355229.000000000	36866234071.000000000	0.141390706	0.000648943	21.4	33.0	71539
2024-09-14-04:57:48	12.330	56561630.000000000	44785097410.000000000	0.154562244	0.000415292	21.4	33.0	71436
2024-09-14-04:58:12	13.310	61698965.000000000	53226845445.000000000	0.168106815	0.000379079	21.4	33.0	71520
2024-09-14-04:58:35	14.340	67062064.000000000	62671212868.000000000	0.181342669	0.000646121	21.4	33.0	71761
2024-09-14-04:58:59	15.270	72729227.000000000	73932139675.000000000	0.196097398	0.000622732	21.4	33.0	71548
2024-09-14-04:59:22	16.270	78072778.000000000	85017783835.999999900	0.210342096	0.000538631	21.4	33.0	71697
2024-09-14-04:59:45	17.260	82804087.000000000	95895740004.999999900	0.224496080	0.000946901	21.4	33.0	71500
2024-09-14-05:00:09	18.280	88137546.000000000	108648604338.000000000	0.239425309	0.000842024	21.4	33.0	71499
2024-09-14-05:00:32	19.360	93524140.000000000	122591102040.000000000	0.255442476	0.000655934	21.4	33.0	71350
2024-09-14-05:00:55	20.300	99195786.000000000	137177439534.000000000	0.269906070	0.000689414	21.4	33.0	71731
2024-09-14-05:01:19	21.290	104512804.000000000	152303466050.000000000	0.282307347	0.000541240	21.4	33.0	71719
2024-09-14-05:01:42	22.230	109200472.000000000	167277540050.000000000	0.295325624	0.000807994	21.4	33.0	71289
2024-09-14-05:02:06	23.240	113925115.000000000	181323332915.000000000	0.307544268	0.001287758	21.4	33.0	71585
2024-09-14-05:02:29	24.240	120257171.000000000	201995998797.000000000	0.321799694	0.001007118	21.4	33.0	71596
2024-09-14-05:02:52	25.260	125456590.000000000	219878427600.000000000	0.337548156	0.001016861	21.4	33.0	71585
2024-09-14-05:03:16	26.240	129617627.000000000	234966373953.000000000	0.351298565	0.001469440	21.4	33.0	71506
2024-09-14-05:03:39	27.310	134743943.000000000	253484517825.000000000	0.360124730	0.004409663	21.4	33.0	71627
2024-09-14-05:04:02	28.380	139175767.000000000	270496875865.000000000	0.375585940	0.002009934	21.4	33.0	71611
2024-09-14-05:04:26	29.290	145287973.000000000	294216058959.000000000	0.389585418	0.001607308	21.4	33.0	71746
2024-09-14-05:04:49	30.300	149898723.000000000	313463658983.000000000	0.401339512	0.004907706	21.4	33.0	71686
2024-09-14-05:05:12	31.250	156223278.000000000	342328749324.000000000	0.421230165	0.002447997	21.3	33.0	71299
2024-09-14-05:05:36	32.210	162432203.000000000	369080815169.000000000	0.436375005	0.003540930	21.3	33.0	71489
2024-09-14-05:05:59	33.240	167264305.000000000	391448862007.000000000	0.447792427	0.005778737	21.3	33.0	71480
2024-09-14-05:06:23	34.350	173913896.000000000	422905045152.000000000	0.466383073	0.000759660	21.3	33.0	71524
2024-09-14-05:06:46	35.360	178697766.000000000	446585181556.000000000	0.479425766	0.002773214	21.3	33.0	71513
2024-09-14-05:07:09	36.410	184888290.000000000	477582006900.000000000	0.492220399	0.001371640	21.3	33.0	71582
2024-09-14-05:07:33	37.270	190299954.000000000	506193895382.000000000	0.506774803	0.000937552	21.3	33.0	71549
2024-09-14-05:07:56	38.320	194818518.000000000	529274947512.000000000	0.513433091	0.008875412	21.3	33.0	71715
2024-09-14-05:08:19	39.200	202170515.000000000	573590006477.000000000	0.533160580	0.004210355	21.3	33.0	71263
2024-09-14-05:08:43	40.300	203611354.000000000	580522731438.000000000	0.542855817	0.007551246	21.3	33.0	71424
2024-09-14-05:09:06	41.390	210221870.000000000	616895308198.000000000	0.557287056	0.006398679	21.3	33.0	71642
2024-09-14-05:09:29	42.460	213537538.000000000	637580508551.999999000	0.566128030	0.005791356	21.3	33.0	71524
2024-09-14-05:09:53	43.320	219053466.000000000	670479680567.999999000	0.582228229	0.008099729	21.3	33.0	71582
2024-09-14-05:10:16	44.390	225535948.000000000	712727828669.999999000	0.599451270	0.003879579	21.3	33.0	71369
2024-09-14-05:10:39	45.380	231887152.000000000	750343087837.999999000	0.615725924	0.001125725	21.3	33.0	71663
2024-09-14-05:11:03	46.410	237226851.000000000	786953650754.999999000	0.630764445	0.000468741	21.3	33.0	71512
2024-09-14-05:11:26	47.380	242279415.000000000	820731788630.999999000	0.645483947	0.000509962	21.3	33.0	71521
2024-09-14-05:11:49	48.390	247215694.000000000	855059204497.999999000	0.655662446	0.006683710	21.3	33.0	71477
2024-09-14-05:12:13	49.480	252913652.000000000	894133192657.999999000	0.672134672	0.001813684	21.3	33.0	71539
2024-09-14-05:12:36	50.460	257879145.000000000	929730204122.999999000	0.686722171	0.002269389	21.3	33.0	71528
2024-09-14-05:13:00	51.450	263254750.000000000	969314622265.999999000	0.701776645	0.001842455	21.3	33.0	71497
2024-09-14-05:13:23	52.450	269188115.000000000	1012680804175.000000000	0.715790880	0.001867291	21.3	33.0	71555
2024-09-14-05:13:46	53.460	274574254.000000000	1053977693548.000000000	0.729370867	0.000459791	21.3	33.0	71530
2024-09-14-05:14:10	54.490	279141396.000000000	1092160632314.000000000	0.746125451	0.000217260	21.3	33.0	71345
2024-09-14-05:14:33	55.470	284939308.000000000	1134801823730.000000000	0.759053948	0.000622846	21.3	33.0	71546
2024-09-14-05:14:56	56.440	290534443.000000000	1179543759715.000000000	0.773227516	0.000169754	21.3	33.0	71562
2024-09-14-05:15:20	57.510	293152860.000000000	1200460961700.000000000	0.787088860	0.000766252	21.3	33.0	71588
2024-09-14-05:15:43	58.410	292096350.000000000	1196134553250.000000000	0.800273054	0.002430024	21.3	33.0	71330
2024-09-14-05:16:06	59.490	293668830.000000000	1202573858850.000000000	0.814722832	0.000416230	21.3	33.0	71714
2024-09-14-05:16:30	60.480	293603310.000000000	1202305554450.000000000	0.827872269	0.000310657	21.3	33.0	71698
2024-09-14-05:16:53	61.520	292804785.000000000	1199035594575.000000000	0.842253258	0.000208855	21.3	33.0	71503
2024-09-14-05:17:17	62.520	292722885.000000000	1198700214075.000000000	0.858973957	0.009485337	21.3	33.0	71483
2024-09-14-05:17:40	63.530	293202000.000000000	1200662190000.000000000	0.870759455	0.004897621	21.3	33.0	71600
2024-09-14-05:18:03	64.510	292898970.000000000	1199421282150.000000000	0.886406546	0.000507720	21.2	33.0	71526
2024-09-14-05:18:27	0.000	64214.000000000	64602.000000000	0.000001485	0.000000239	21.2	33.0	71494
