2024-09-11-17:52:43	0.000	0.000000000	0.000000000	0.000002982	0.000000207	22.8	35.0	71542
2024-09-11-17:53:07	2.170	3679761.000000000	188849647.000000000	0.010545971	0.000076876	22.8	35.0	71707
2024-09-11-17:53:30	3.180	8860787.000000000	1101159715.000000000	0.025490385	0.000120017	22.8	35.0	71302
2024-09-11-17:53:53	4.220	14151378.000000000	2798030352.000000000	0.040174362	0.000217080	22.8	35.0	71573
2024-09-11-17:54:17	5.240	19422716.000000000	5272535212.000000000	0.054996215	0.000151557	22.8	35.0	71549
2024-09-11-17:54:40	6.260	24769370.000000000	8556103550.000000000	0.069841728	0.000280393	22.9	35.0	71706
2024-09-11-17:55:03	7.290	30123193.000000000	12683762793.000000000	0.085221138	0.000176553	22.9	35.0	71541
2024-09-11-17:55:27	8.290	35167930.000000000	17263912984.000000000	0.098559111	0.000173179	22.9	35.0	71640
2024-09-11-17:55:50	9.350	40586662.000000000	23013810222.000000000	0.113506875	0.000193868	22.9	35.0	71578
2024-09-11-17:56:14	10.370	45735706.000000000	29203167208.000000000	0.128278697	0.000207905	22.8	35.0	71628
2024-09-11-17:56:37	11.390	50964581.000000000	36337514001.000000000	0.141980434	0.000498036	22.8	35.0	71480
2024-09-11-17:57:00	12.410	55641535.000000000	43279404619.000000000	0.155152215	0.000278000	22.8	35.0	71535
2024-09-11-17:57:24	13.470	60648544.000000000	51457062462.000000000	0.169675810	0.000516855	22.8	35.0	71482
2024-09-11-17:57:47	14.550	66207043.000000000	61205157063.000000000	0.184892741	0.000462860	22.8	35.0	71618
2024-09-11-17:58:10	15.540	71634818.000000000	71744532684.000000000	0.200544530	0.000365428	22.9	35.0	71526
2024-09-11-17:58:34	16.570	77143202.000000000	83232809824.000000000	0.216068373	0.000534238	22.9	35.0	71500
2024-09-11-17:58:57	17.620	81558611.000000000	93248995708.999999900	0.230024325	0.000598617	22.9	35.0	71334
2024-09-11-17:59:20	18.510	87388939.000000000	106730506827.000000000	0.245363424	0.001324363	22.9	35.0	71553
2024-09-11-17:59:44	19.570	92837071.000000000	120479206521.000000000	0.257465509	0.001293468	22.9	35.0	71540
2024-09-11-18:00:07	20.610	97820705.000000000	133778085485.000000000	0.273122813	0.002109625	22.8	35.0	71531
2024-09-11-18:00:31	21.600	103413612.000000000	149515839892.000000000	0.284079444	0.003390441	22.8	35.0	71529
2024-09-11-18:00:54	22.540	108400764.000000000	164150272410.000000000	0.298016334	0.001277477	22.8	35.0	71586
2024-09-11-18:01:17	23.580	114919909.000000000	184150786541.000000000	0.313524318	0.001360476	22.8	35.0	71719
2024-09-11-18:01:41	24.620	120793050.000000000	204614569622.000000000	0.328218292	0.002492513	22.8	35.0	71312
2024-09-11-18:02:04	25.670	124971933.000000000	218237674977.000000000	0.343012515	0.001849964	22.8	35.0	71565
2024-09-11-18:02:28	26.720	129155312.000000000	233918123284.000000000	0.356489028	0.003456349	22.8	35.0	71313
2024-09-11-18:02:51	27.740	134816217.000000000	253945069123.000000000	0.365471841	0.004725627	22.8	35.0	71573
2024-09-11-18:03:14	28.780	140338782.000000000	274957572166.000000000	0.386343918	0.002465196	22.8	35.0	71630
2024-09-11-18:03:38	29.820	145103185.000000000	295241651437.000000000	0.403648637	0.000680729	22.8	35.0	71315
2024-09-11-18:04:01	30.810	151585558.000000000	321267883348.000000000	0.419997435	0.000324163	22.8	35.0	71528
2024-09-11-18:04:25	31.850	158043757.000000000	348887577651.000000000	0.437831355	0.000617098	22.8	35.0	71595
2024-09-11-18:04:48	32.860	163449376.000000000	373329148814.000000000	0.451508081	0.001518264	22.8	35.0	71563
2024-09-11-18:05:12	33.940	168591816.000000000	397206904822.000000000	0.466984376	0.000544686	22.8	35.0	71558
2024-09-11-18:05:35	34.990	173350109.000000000	419982278633.000000000	0.477770914	0.003271970	22.8	35.0	71552
2024-09-11-18:05:58	35.940	179169013.000000000	449032664487.000000000	0.499173469	0.002528186	22.8	35.0	71492
2024-09-11-18:06:22	37.050	184211833.000000000	474032297135.000000000	0.507667004	0.000614105	22.8	35.0	71587
2024-09-11-18:06:45	38.030	190157215.000000000	505071498929.000000000	0.525699897	0.002330527	22.8	35.0	71595
2024-09-11-18:07:08	39.060	194771518.000000000	531988654588.000000000	0.539723359	0.004198214	22.8	35.0	71311
2024-09-11-18:07:32	40.030	200957439.000000000	563885160101.000000000	0.557359751	0.004492028	22.8	35.0	71620
2024-09-11-18:07:55	41.120	205058919.000000000	587842549575.000000000	0.561377794	0.009205868	22.8	35.0	71533
2024-09-11-18:08:18	42.160	209340351.000000000	612527648259.000000000	0.574728829	0.006020441	22.8	35.0	71548
2024-09-11-18:08:42	43.200	215329654.000000000	647768461639.999999000	0.590904114	0.000942398	22.8	35.0	71582
2024-09-11-18:09:05	44.250	220517976.000000000	681831647913.999999000	0.608704699	0.000421659	22.8	35.0	71320
2024-09-11-18:09:28	45.250	227483447.000000000	722567330698.999999000	0.625845090	0.002994054	22.8	35.0	71618
2024-09-11-18:09:52	46.290	233077567.000000000	759518111864.999999000	0.639689110	0.000812460	22.8	35.0	71526
2024-09-11-18:10:15	47.310	238433891.000000000	794892802736.999999000	0.654346910	0.000710753	22.8	35.0	71520
2024-09-11-18:10:38	48.350	243711597.000000000	829543951578.999999000	0.665953585	0.000253372	22.8	35.0	71600
2024-09-11-18:11:02	49.410	248685086.000000000	865124382813.999999000	0.679231394	0.000517349	22.8	35.0	71486
2024-09-11-18:11:25	50.400	254015422.000000000	901838545395.999999000	0.693619520	0.000654557	22.8	35.0	71547
2024-09-11-18:11:49	51.460	259260361.000000000	939649537738.999999000	0.707242612	0.000810584	22.8	35.0	71533
2024-09-11-18:12:12	52.470	264425640.000000000	981098458673.999999000	0.723160111	0.000560243	22.8	35.0	71268
2024-09-11-18:12:35	53.480	270801307.000000000	1025154577721.000000000	0.737513247	0.000796244	22.8	35.0	71534
2024-09-11-18:12:59	54.500	275281334.000000000	1059131828410.000000000	0.746974547	0.001771823	22.8	35.0	71549
2024-09-11-18:13:22	0.000	281214264.000000000	1103781661654.000000000	0.762023708	0.004768732	22.8	35.0	71646
2024-09-11-18:13:45	56.610	287360457.000000000	1152397060585.000000000	0.777908505	0.000531989	22.8	35.0	71656
2024-09-11-18:14:09	57.520	290347105.000000000	1179414583369.000000000	0.788091911	0.016360551	22.8	35.0	71491
2024-09-11-18:14:32	58.550	293425192.000000000	1200221232478.000000000	0.802784480	0.013553276	22.8	35.0	71737
2024-09-11-18:14:55	59.540	293468175.000000000	1201752176625.000000000	0.815501883	0.017126457	22.8	35.0	71665
2024-09-11-18:15:19	60.590	293308470.000000000	1201098184650.000000000	0.835105464	0.000751165	22.8	35.0	71626
2024-09-11-18:15:42	61.430	292055400.000000000	1195966863000.000000000	0.846275495	0.000399530	22.8	35.0	71320
2024-09-11-18:16:06	62.690	292968585.000000000	1199706355575.000000000	0.858849878	0.000587273	22.8	35.0	71543
2024-09-11-18:16:29	63.740	292919445.000000000	1199505127275.000000000	0.880494043	0.000341380	22.8	35.0	71531
2024-09-11-18:16:52	64.720	292882590.000000000	1199354206050.000000000	0.893120767	0.001040986	22.8	35.0	71522
2024-09-11-18:17:16	65.670	292751550.000000000	1198817597250.000000000	0.900912894	0.000669252	22.8	35.0	71490
2024-09-11-18:17:39	0.000	0.000000000	0.000000000	0.000002757	0.000000179	22.9	35.0	71620
