12/19/202	9:08:11 A	0.000	0.0000000	0.0000000	-0.000000	0.0000002	20.3	26.0	100
12/19/202	9:08:32 A	1.422	0.0000000	0.0000000	0.0000129	0.0000002	20.3	26.0	100
12/19/202	9:08:54 A	1.430	0.0000000	0.0000000	0.0001202	0.0000002	20.3	26.0	100
12/19/202	9:09:16 A	1.490	0.0000010	0.0000000	0.0011249	0.0000003	20.3	26.0	98
12/19/202	9:09:38 A	1.502	0.0000010	0.0000000	0.0013106	0.0000003	20.3	26.0	98
12/19/202	9:10:00 A	1.519	0.0000010	0.0000000	0.0015871	0.0000005	20.3	26.0	96
12/19/202	9:10:22 A	1.548	0.0000020	0.0000000	0.0020608	0.0000021	20.3	26.0	99
12/19/202	9:10:44 A	1.677	0.0000030	0.0000000	0.0037527	0.0000352	20.3	26.0	100
12/19/202	9:11:06 A	1.792	0.0000048	0.0000003	0.0056367	0.0000722	20.3	26.0	100
12/19/202	9:11:28 A	1.907	0.0000060	0.0000000	0.0075780	0.0000422	20.3	26.0	100
12/19/202	9:11:50 A	2.022	0.0000080	0.0000000	0.0096006	0.0000615	20.3	26.0	100
12/19/202	9:12:11 A	2.141	0.0000089	0.0000001	0.0115350	0.0000816	20.3	26.0	99
12/19/202	9:12:34 A	2.257	0.0000110	0.0000000	0.0134445	0.0000679	20.3	26.0	100
12/19/202	9:12:56 A	2.371	0.0000120	0.0000002	0.0153615	0.0000503	20.3	26.0	99
12/19/202	9:13:18 A	2.486	0.0000140	0.0000000	0.0173467	0.0000832	20.3	26.0	99
12/19/202	9:13:39 A	2.603	0.0000154	0.0000004	0.0190770	0.0000884	20.3	26.0	98
12/19/202	9:14:01 A	2.720	0.0000170	0.0000000	0.0210080	0.0001054	20.3	26.0	98
12/19/202	9:14:23 A	2.834	0.0000189	0.0000001	0.0229092	0.0001180	20.3	26.0	100
12/19/202	9:14:45 A	2.950	0.0000200	0.0000000	0.0247414	0.0000905	20.3	26.0	98
12/19/202	9:15:07 A	3.071	0.0000220	0.0000000	0.0267361	0.0001214	20.3	26.0	96
12/19/202	9:15:29 A	3.178	0.0000230	0.0000000	0.0285525	0.0001182	20.3	26.0	100
12/19/202	9:15:51 A	3.298	0.0000250	0.0000000	0.0303715	0.0000592	20.3	26.0	100
12/19/202	9:16:13 A	3.415	0.0000260	0.0000000	0.0321712	0.0001214	20.4	26.0	100
12/19/202	9:16:35 A	3.525	0.0000280	0.0000000	0.0340167	0.0001471	20.4	26.0	100
12/19/202	9:16:56 A	3.632	0.0000290	0.0000000	0.0359040	0.0001190	20.4	26.0	99
12/19/202	9:17:18 A	3.747	0.0000310	0.0000000	0.0378660	0.0001176	20.4	26.0	98
12/19/202	9:17:40 A	3.877	0.0000324	0.0000004	0.0398466	0.0000913	20.4	26.0	98
12/19/202	9:18:02 A	3.982	0.0000340	0.0000000	0.0417443	0.0000538	20.3	26.0	97
12/19/202	9:18:24 A	4.131	0.0000360	0.0000000	0.0437855	0.0001092	20.3	26.0	100
12/19/202	9:18:46 A	4.258	0.0000370	0.0000000	0.0455599	0.0001133	20.3	26.0	98
12/19/202	9:19:08 A	4.367	0.0000390	0.0000000	0.0475198	0.0001269	20.3	26.0	97
12/19/202	9:19:30 A	4.474	0.0000400	0.0000002	0.0494068	0.0001690	20.3	26.0	100
12/19/202	9:19:51 A	4.586	0.0000420	0.0000000	0.0510952	0.0000398	20.3	26.0	100
12/19/202	9:20:13 A	4.711	0.0000430	0.0000000	0.0529970	0.0001163	20.3	26.0	100
12/19/202	9:20:35 A	4.820	0.0000450	0.0000000	0.0549361	0.0001267	20.3	26.0	100
12/19/202	9:20:57 A	4.923	0.0000460	0.0000000	0.0567849	0.0000641	20.3	26.0	100
12/19/202	9:21:19 A	5.049	0.0000480	0.0000000	0.0588092	0.0000644	20.3	26.0	100
12/19/202	9:21:41 A	5.160	0.0000498	0.0000003	0.0606657	0.0000675	20.3	26.0	100
12/19/202	9:22:03 A	5.274	0.0000510	0.0000000	0.0624858	0.0000507	20.3	26.0	100
12/19/202	9:22:25 A	5.384	0.0000525	0.0000005	0.0642029	0.0000574	20.3	26.0	99
12/19/202	9:22:47 A	5.495	0.0000540	0.0000000	0.0661801	0.0000698	20.3	26.0	97
12/19/202	9:23:08 A	5.604	0.0000558	0.0000003	0.0680837	0.0000592	20.3	26.0	97
12/19/202	9:23:30 A	5.726	0.0000570	0.0000000	0.0699786	0.0001325	20.3	26.0	100
12/19/202	9:23:52 A	5.834	0.0000587	0.0000004	0.0718224	0.0001172	20.3	26.0	100
12/19/202	9:24:14 A	5.950	0.0000600	0.0000000	0.0736280	0.0000421	20.3	26.0	100
12/19/202	9:24:36 A	6.069	0.0000620	0.0000000	0.0755087	0.0000520	20.3	26.0	100
12/19/202	9:24:58 A	6.170	0.0000630	0.0000000	0.0773485	0.0000684	20.3	26.0	100
12/19/202	9:25:20 A	6.293	0.0000650	0.0000000	0.0793695	0.0001242	20.3	26.0	99
12/19/202	9:25:42 A	6.410	0.0000660	0.0000000	0.0811571	0.0001064	20.3	26.0	100
12/19/202	9:26:03 A	6.518	0.0000680	0.0000000	0.0831096	0.0000811	20.3	26.0	100
12/19/202	9:26:25 A	6.662	0.0000690	0.0000000	0.0847954	0.0000877	20.3	26.0	99
12/19/202	9:26:47 A	6.792	0.0000710	0.0000000	0.0865299	0.0000895	20.3	26.0	99
12/19/202	9:27:09 A	6.886	0.0000720	0.0000000	0.0883492	0.0001061	20.3	26.0	100
12/19/202	9:27:31 A	7.009	0.0000739	0.0000002	0.0902493	0.0001181	20.3	26.0	97
12/19/202	9:27:53 A	7.124	0.0000750	0.0000001	0.0921422	0.0001066	20.3	26.0	97
12/19/202	9:28:15 A	7.238	0.0000770	0.0000000	0.0941654	0.0001993	20.3	26.0	100
12/19/202	9:28:37 A	7.348	0.0000782	0.0000004	0.0958072	0.0001431	20.3	26.0	100
12/19/202	9:28:59 A	7.462	0.0000800	0.0000000	0.0977250	0.0001120	20.3	26.0	99
12/19/202	9:29:20 A	7.581	0.0000816	0.0000004	0.0996050	0.0000704	20.3	26.0	100
12/19/202	9:29:42 A	7.694	0.0000830	0.0000000	0.1015153	0.0001335	20.3	26.0	100
12/19/202	9:30:04 A	7.811	0.0000847	0.0000004	0.1033519	0.0000836	20.3	26.0	100
12/19/202	9:30:26 A	7.919	0.0000860	0.0000000	0.1052074	0.0001180	20.3	26.0	98
12/19/202	9:30:48 A	8.039	0.0000880	0.0000000	0.1070616	0.0000571	20.3	26.0	98
12/19/202	9:31:10 A	8.151	0.0000890	0.0000000	0.1090061	0.0000747	20.3	26.0	98
12/19/202	9:31:32 A	8.269	0.0000910	0.0000000	0.1106813	0.0001677	20.3	26.0	100
12/19/202	9:31:54 A	8.372	0.0000922	0.0000004	0.1125866	0.0002035	20.3	26.0	99
12/19/202	9:32:15 A	8.523	0.0000940	0.0000000	0.1147831	0.0001298	20.3	26.0	98
12/19/202	9:32:37 A	8.609	0.0000951	0.0000003	0.1163456	0.0000891	20.3	26.0	100
12/19/202	9:32:59 A	8.726	0.0000970	0.0000000	0.1182307	0.0000456	20.3	26.0	100
12/19/202	9:33:21 A	8.856	0.0000990	0.0000000	0.1202134	0.0000892	20.3	26.0	100
12/19/202	9:33:43 A	8.963	0.0001000	0.0000000	0.1220531	0.0000965	20.3	26.0	99
12/19/202	9:34:05 A	9.104	0.0001020	0.0000000	0.1239565	0.0001229	20.3	26.0	100
12/19/202	9:34:27 A	9.220	0.0001031	0.0000003	0.1257720	0.0001340	20.3	26.0	100
12/19/202	9:34:49 A	9.330	0.0001050	0.0000000	0.1276987	0.0001693	20.3	26.0	100
12/19/202	9:35:10 A	9.446	0.0001062	0.0000004	0.1294837	0.0001021	20.3	26.0	98
12/19/202	9:35:32 A	9.572	0.0001080	0.0000000	0.1314699	0.0001432	20.3	26.0	96
12/19/202	9:35:54 A	9.694	0.0001100	0.0000000	0.1334994	0.0001378	20.3	26.0	99
12/19/202	9:36:16 A	9.819	0.0001114	0.0000005	0.1353859	0.0002073	20.3	26.0	100
12/19/202	9:36:38 A	9.935	0.0001130	0.0000000	0.1372139	0.0001601	20.3	26.0	99
12/19/202	9:37:00 A	10.048	0.0001146	0.0000004	0.1394811	0.0002701	20.3	26.0	100
12/19/202	9:37:22 A	10.161	0.0001160	0.0000000	0.1408675	0.0001394	20.3	26.0	100
12/19/202	9:37:44 A	10.296	0.0001175	0.0000004	0.1428699	0.0001355	20.3	26.0	100
12/19/202	9:38:06 A	10.407	0.0001190	0.0000002	0.1448361	0.0001921	20.3	26.0	100
12/19/202	9:38:27 A	10.511	0.0001207	0.0000004	0.1464863	0.0001342	20.3	26.0	100
12/19/202	9:38:49 A	10.624	0.0001220	0.0000000	0.1483554	0.0001176	20.3	26.0	99
12/19/202	9:39:11 A	10.740	0.0001239	0.0000002	0.1500874	0.0001078	20.3	26.0	99
12/19/202	9:39:33 A	10.852	0.0001250	0.0000000	0.1520945	0.0001713	20.3	26.0	99
12/19/202	9:39:55 A	10.971	0.0001270	0.0000000	0.1539257	0.0001259	20.4	26.0	100
12/19/202	9:40:17 A	11.074	0.0001279	0.0000001	0.1555606	0.0001791	20.4	26.0	98
12/19/202	9:40:39 A	11.198	0.0001300	0.0000000	0.1574436	0.0002114	20.4	26.0	100
12/19/202	9:41:01 A	11.287	0.0001310	0.0000000	0.1592057	0.0001255	20.4	26.0	100
12/19/202	9:41:22 A	11.438	0.0001331	0.0000003	0.1612793	0.0004898	20.4	26.0	100
12/19/202	9:41:44 A	11.545	0.0001342	0.0000004	0.1630650	0.0001188	20.4	26.0	100
12/19/202	9:42:06 A	11.649	0.0001360	0.0000001	0.1649456	0.0003290	20.4	26.0	100
12/19/202	9:42:28 A	11.766	0.0001374	0.0000004	0.1667017	0.0001018	20.4	26.0	100
12/19/202	9:42:50 A	11.882	0.0001390	0.0000002	0.1687791	0.0002348	20.4	26.0	100
12/19/202	9:43:12 A	12.006	0.0001410	0.0000000	0.1704712	0.0000450	20.4	26.0	100
12/19/202	9:43:34 A	12.113	0.0001422	0.0000004	0.1728006	0.0004238	20.4	26.0	100
12/19/202	9:43:56 A	12.227	0.0001440	0.0000000	0.1744506	0.0001181	20.4	26.0	98
12/19/202	9:44:17 A	12.371	0.0001454	0.0000005	0.1765517	0.0002963	20.4	26.0	97
12/19/202	9:44:39 A	12.473	0.0001470	0.0000000	0.1783937	0.0003046	20.4	26.0	100
12/19/202	9:45:01 A	12.584	0.0001483	0.0000004	0.1804747	0.0002982	20.4	26.0	100
12/19/202	9:45:23 A	12.722	0.0001500	0.0000000	0.1824417	0.0001850	20.4	26.0	100
12/19/202	9:45:45 A	12.818	0.0001516	0.0000004	0.1844182	0.0002747	20.4	26.0	99
12/19/202	9:46:07 A	12.920	0.0001531	0.0000003	0.1861357	0.0002442	20.4	26.0	100
12/19/202	9:46:29 A	13.057	0.0001545	0.0000005	0.1878004	0.0003294	20.4	26.0	100
12/19/202	9:46:51 A	13.176	0.0001560	0.0000002	0.1898849	0.0003084	20.4	26.0	100
12/19/202	9:47:12 A	13.292	0.0001580	0.0000001	0.1918197	0.0002933	20.4	26.0	98
12/19/202	9:47:34 A	13.415	0.0001590	0.0000000	0.1937932	0.0004391	20.4	26.0	98
12/19/202	9:47:56 A	13.521	0.0001610	0.0000000	0.1953207	0.0002828	20.4	26.0	100
12/19/202	9:48:18 A	13.625	0.0001621	0.0000003	0.1972718	0.0004516	20.4	26.0	98
12/19/202	9:48:40 A	13.751	0.0001640	0.0000002	0.1996730	0.0005513	20.4	26.0	96
12/19/202	9:49:02 A	13.850	0.0001655	0.0000005	0.2015553	0.0005669	20.4	26.0	96
12/19/202	9:49:24 A	13.945	0.0001670	0.0000000	0.2027811	0.0001754	20.4	26.0	97
12/19/202	9:49:46 A	14.086	0.0001684	0.0000005	0.2052818	0.0007084	20.4	26.0	100
12/19/202	9:50:08 A	14.191	0.0001700	0.0000000	0.2065374	0.0001794	20.4	26.0	100
12/19/202	9:50:30 A	14.304	0.0001711	0.0000003	0.2081515	0.0002004	20.4	26.0	100
12/19/202	9:50:52 A	14.416	0.0001730	0.0000000	0.2097995	0.0000319	20.4	26.0	100
12/19/202	9:51:13 A	14.559	0.0001743	0.0000006	0.2116856	0.0001944	20.4	26.0	99
12/19/202	9:51:35 A	14.647	0.0001760	0.0000001	0.2134550	0.0001092	20.4	26.0	98
12/19/202	9:51:57 A	14.759	0.0001770	0.0000000	0.2150875	0.0000237	20.4	26.0	99
12/19/202	9:52:19 A	14.875	0.0001790	0.0000000	0.2169623	0.0000716	20.4	26.0	100
12/19/202	9:52:41 A	14.987	0.0001802	0.0000004	0.2189222	0.0000882	20.4	26.0	97
12/19/202	9:53:03 A	15.123	0.0001820	0.0000002	0.2208399	0.0001294	20.4	26.0	96
12/19/202	9:53:25 A	15.224	0.0001832	0.0000004	0.2225143	0.0001955	20.4	26.0	97
12/19/202	9:53:47 A	15.329	0.0001850	0.0000001	0.2243513	0.0001202	20.4	26.0	100
12/19/202	9:54:08 A	15.502	0.0001867	0.0000004	0.2262108	0.0001888	20.4	26.0	100
12/19/202	9:54:30 A	15.548	0.0001880	0.0000000	0.2278232	0.0000985	20.4	26.0	100
12/19/202	9:54:52 A	15.666	0.0001892	0.0000004	0.2294674	0.0002849	20.4	26.0	100
12/19/202	9:55:14 A	15.796	0.0001910	0.0000002	0.2314601	0.0002994	20.4	26.0	100
12/19/202	9:55:36 A	15.935	0.0001923	0.0000006	0.2330890	0.0003434	20.4	26.0	98
12/19/202	9:55:58 A	15.998	0.0001940	0.0000000	0.2348827	0.0001251	20.4	26.0	100
12/19/202	9:56:20 A	16.113	0.0001950	0.0000000	0.2364264	0.0000725	20.4	26.0	98
12/19/202	9:56:42 A	16.219	0.0001970	0.0000000	0.2384176	0.0001102	20.4	26.0	98
12/19/202	9:57:04 A	16.341	0.0001980	0.0000001	0.2401742	0.0001312	20.4	26.0	96
12/19/202	9:57:25 A	16.464	0.0001999	0.0000003	0.2418826	0.0002571	20.4	26.0	100
12/19/202	9:57:47 A	16.589	0.0002010	0.0000002	0.2438092	0.0004321	20.4	26.0	95
12/19/202	9:58:09 A	16.700	0.0002029	0.0000003	0.2456036	0.0003728	20.4	26.0	100
12/19/202	9:58:31 A	16.813	0.0002041	0.0000003	0.2474513	0.0003801	20.4	26.0	100
12/19/202	9:58:53 A	16.995	0.0002064	0.0000006	0.2499872	0.0009520	20.4	26.0	100
12/19/202	9:59:15 A	17.082	0.0002072	0.0000004	0.2509088	0.0004661	20.4	26.0	100
12/19/202	9:59:37 A	17.174	0.0002091	0.0000005	0.2525384	0.0006792	20.4	26.0	100
12/19/202	9:59:59 A	17.299	0.0002101	0.0000005	0.2544355	0.0005455	20.4	26.0	100
12/19/202	10:00:20 	17.391	0.0002120	0.0000000	0.2562946	0.0002559	20.4	26.0	97
12/19/202	10:00:42 	17.506	0.0002143	0.0000005	0.2589370	0.0012812	20.4	26.0	100
12/19/202	10:01:05 	17.625	0.0002150	0.0000002	0.2601737	0.0002591	20.4	26.0	98
12/19/202	10:01:27 	17.729	0.0002170	0.0000000	0.2618833	0.0000439	20.4	26.0	99
12/19/202	10:01:48 	17.836	0.0002180	0.0000001	0.2634845	0.0000456	20.4	26.0	100
12/19/202	10:02:10 	17.979	0.0002200	0.0000002	0.2654571	0.0007467	20.4	26.0	96
12/19/202	10:02:32 	18.063	0.0002219	0.0000001	0.2668974	0.0001483	20.4	26.0	100
12/19/202	10:02:54 	18.182	0.0002230	0.0000000	0.2687274	0.0000992	20.4	26.0	100
12/19/202	10:03:16 	18.298	0.0002250	0.0000000	0.2704295	0.0000881	20.4	26.0	100
12/19/202	10:03:38 	18.409	0.0002260	0.0000002	0.2722695	0.0001495	20.4	26.0	99
12/19/202	10:04:00 	18.521	0.0002280	0.0000001	0.2740744	0.0001937	20.4	26.0	100
12/19/202	10:04:22 	18.643	0.0002300	0.0000000	0.2760817	0.0001073	20.4	26.0	100
12/19/202	10:04:44 	18.756	0.0002310	0.0000000	0.2779505	0.0000662	20.4	26.0	100
12/19/202	10:05:05 	18.872	0.0002330	0.0000000	0.2798785	0.0000871	20.4	26.0	98
12/19/202	10:05:27 	19.063	0.0002344	0.0000004	0.2815231	0.0003940	20.4	26.0	100
12/19/202	10:05:49 	19.132	0.0002360	0.0000000	0.2834327	0.0000852	20.4	26.0	98
12/19/202	10:06:11 	19.253	0.0002380	0.0000000	0.2855762	0.0000817	20.4	26.0	97
12/19/202	10:06:33 	19.375	0.0002400	0.0000003	0.2875748	0.0002134	20.4	26.0	99
12/19/202	10:06:55 	19.489	0.0002414	0.0000004	0.2894221	0.0001444	20.4	26.0	100
12/19/202	10:07:17 	19.601	0.0002430	0.0000002	0.2914658	0.0001352	20.4	26.0	100
12/19/202	10:07:39 	19.720	0.0002451	0.0000005	0.2939080	0.0004041	20.4	26.0	100
12/19/202	10:08:00 	19.835	0.0002470	0.0000001	0.2961469	0.0004201	20.4	26.0	100
12/19/202	10:08:22 	19.956	0.0002498	0.0000009	0.2989105	0.0008537	20.4	26.0	100
12/19/202	10:08:44 	20.066	0.0002504	0.0000011	0.3000527	0.0010243	20.4	26.0	100
12/19/202	10:09:06 	20.191	0.0002518	0.0000007	0.3017304	0.0006971	20.4	26.0	100
12/19/202	10:09:28 	20.297	0.0002533	0.0000007	0.3035377	0.0006778	20.4	26.0	96
12/19/202	10:09:50 	20.397	0.0002553	0.0000014	0.3050203	0.0014869	20.4	26.0	97
12/19/202	10:10:12 	20.514	0.0002563	0.0000009	0.3069509	0.0007173	20.4	26.0	100
12/19/202	10:10:34 	20.640	0.0002582	0.0000004	0.3090296	0.0003659	20.4	26.0	98
12/19/202	10:10:56 	20.762	0.0002604	0.0000010	0.3111785	0.0008581	20.4	26.0	100
12/19/202	10:11:17 	20.873	0.0002621	0.0000013	0.3134902	0.0015371	20.4	26.0	100
12/19/202	10:11:39 	20.989	0.0002650	0.0000016	0.3165425	0.0015999	20.4	26.0	100
12/19/202	10:12:01 	21.125	0.0002666	0.0000020	0.3185768	0.0023137	20.4	26.0	100
12/19/202	10:12:23 	21.216	0.0002667	0.0000011	0.3194952	0.0011171	20.4	26.0	100
12/19/202	10:12:45 	21.343	0.0002687	0.0000022	0.3200840	0.0030892	20.4	26.0	100
12/19/202	10:13:07 	21.437	0.0002702	0.0000006	0.3232622	0.0006948	20.4	26.0	99
12/19/202	10:13:29 	21.557	0.0002710	0.0000002	0.3241378	0.0004727	20.4	26.0	100
12/19/202	10:13:51 	21.671	0.0002730	0.0000001	0.3261843	0.0004623	20.4	26.0	100
12/19/202	10:14:12 	21.781	0.0002746	0.0000007	0.3283368	0.0005311	20.4	26.0	97
12/19/202	10:14:34 	21.904	0.0002760	0.0000002	0.3297374	0.0003713	20.5	26.0	98
12/19/202	10:14:56 	22.025	0.0002778	0.0000010	0.3317613	0.0007791	20.5	26.0	100
12/19/202	10:15:18 	22.132	0.0002789	0.0000002	0.3330626	0.0001924	20.5	26.0	100
12/19/202	10:15:40 	22.249	0.0002800	0.0000001	0.3345770	0.0001404	20.5	26.0	100
12/19/202	10:16:02 	22.358	0.0002820	0.0000002	0.3362580	0.0001353	20.5	26.0	100
12/19/202	10:16:24 	22.478	0.0002845	0.0000019	0.3388072	0.0015576	20.5	26.0	100
12/19/202	10:16:46 	22.589	0.0002851	0.0000007	0.3407205	0.0008304	20.5	26.0	99
12/19/202	10:17:08 	22.715	0.0002862	0.0000005	0.3418069	0.0006989	20.5	26.0	99
12/19/202	10:17:29 	22.809	0.0002877	0.0000014	0.3433718	0.0016257	20.5	26.0	100
12/19/202	10:17:51 	22.924	0.0002880	0.0000002	0.3440209	0.0005015	20.5	26.0	98
12/19/202	10:18:13 	23.039	0.0002890	0.0000002	0.3455500	0.0000594	20.5	26.0	98
12/19/202	10:18:35 	23.147	0.0002907	0.0000004	0.3466528	0.0001076	20.5	26.0	99
12/19/202	10:18:57 	23.261	0.0002920	0.0000000	0.3483242	0.0001324	20.5	26.0	100
12/19/202	10:19:19 	23.372	0.0002930	0.0000000	0.3495055	0.0001736	20.5	26.0	99
12/19/202	10:19:41 	23.481	0.0002941	0.0000003	0.3508602	0.0000948	20.5	26.0	98
12/19/202	10:20:03 	23.591	0.0002951	0.0000003	0.3522321	0.0002674	20.5	26.0	100
12/19/202	10:20:24 	23.710	0.0002970	0.0000002	0.3537290	0.0001961	20.5	26.0	100
12/19/202	10:20:46 	23.816	0.0002979	0.0000001	0.3552602	0.0000894	20.5	26.0	100
12/19/202	10:21:08 	23.957	0.0002990	0.0000000	0.3570142	0.0001303	20.5	26.0	100
12/19/202	10:21:30 	24.078	0.0003008	0.0000003	0.3585858	0.0002200	20.5	26.0	98
12/19/202	10:21:52 	24.184	0.0003020	0.0000000	0.3601074	0.0002232	20.5	26.0	98
12/19/202	10:22:14 	24.308	0.0003030	0.0000002	0.3616303	0.0002134	20.5	26.0	100
12/19/202	10:22:36 	24.433	0.0003041	0.0000004	0.3634065	0.0001606	20.5	26.0	96
12/19/202	10:22:58 	24.523	0.0003060	0.0000000	0.3649496	0.0001112	20.5	26.0	97
12/19/202	10:23:20 	24.645	0.0003071	0.0000005	0.3664470	0.0005193	20.5	26.0	97
12/19/202	10:23:41 	24.748	0.0003080	0.0000001	0.3677254	0.0001871	20.5	26.0	99
12/19/202	10:24:03 	24.881	0.0003100	0.0000000	0.3695116	0.0000803	20.5	26.0	99
12/19/202	10:24:25 	24.982	0.0003110	0.0000000	0.3710769	0.0001323	20.5	26.0	100
12/19/202	10:24:47 	25.105	0.0003129	0.0000001	0.3726270	0.0000804	20.5	26.0	100
12/19/202	10:25:09 	25.220	0.0003140	0.0000000	0.3740216	0.0001776	20.5	26.0	99
12/19/202	10:25:31 	25.322	0.0003150	0.0000001	0.3760290	0.0000660	20.5	26.0	99
12/19/202	10:25:53 	25.446	0.0003170	0.0000000	0.3775634	0.0001067	20.5	26.0	99
12/19/202	10:26:15 	25.559	0.0003180	0.0000002	0.3791750	0.0000970	20.5	26.0	97
12/19/202	10:26:36 	25.680	0.0003200	0.0000000	0.3809952	0.0001055	20.5	26.0	99
12/19/202	10:26:58 	25.795	0.0003211	0.0000004	0.3831957	0.0003577	20.5	26.0	98
12/19/202	10:27:20 	25.909	0.0003230	0.0000000	0.3852108	0.0005501	20.6	26.0	100
12/19/202	10:27:42 	26.033	0.0003250	0.0000000	0.3871179	0.0001858	20.6	26.0	100
12/19/202	10:28:04 	26.153	0.0003260	0.0000003	0.3892406	0.0002245	20.6	26.0	100
12/19/202	10:28:26 	26.258	0.0003281	0.0000003	0.3914066	0.0005240	20.6	26.0	100
12/19/202	10:28:48 	26.412	0.0003300	0.0000003	0.3935245	0.0003334	20.6	26.0	100
12/19/202	10:29:10 	26.529	0.0003321	0.0000005	0.3959601	0.0009591	20.6	26.0	100
12/19/202	10:29:31 	26.650	0.0003341	0.0000003	0.3979946	0.0012037	20.6	26.0	100
12/19/202	10:29:53 	26.782	0.0003363	0.0000006	0.4005670	0.0009761	20.6	26.0	100
12/19/202	10:30:15 	26.906	0.0003380	0.0000003	0.4024695	0.0002527	20.6	26.0	99
12/19/202	10:30:37 	27.039	0.0003406	0.0000025	0.4051274	0.0013789	20.6	26.0	98
12/19/202	10:30:59 	27.134	0.0003411	0.0000004	0.4068641	0.0009056	20.6	27.0	100
12/19/202	10:31:21 	27.268	0.0003433	0.0000011	0.4089039	0.0010346	20.6	27.0	100
12/19/202	10:31:43 	27.369	0.0003441	0.0000003	0.4102282	0.0001118	20.6	27.0	98
12/19/202	10:32:05 	27.491	0.0003460	0.0000001	0.4122213	0.0001520	20.6	27.0	96
12/19/202	10:32:27 	27.605	0.0003470	0.0000002	0.4139241	0.0001048	20.6	27.0	100
12/19/202	10:32:48 	27.724	0.0003493	0.0000006	0.4162033	0.0006531	20.6	27.0	100
12/19/202	10:33:10 	27.841	0.0003509	0.0000005	0.4180837	0.0010037	20.6	27.0	99
12/19/202	10:33:32 	27.955	0.0003520	0.0000000	0.4197546	0.0000952	20.6	27.0	100
12/19/202	10:33:54 	28.077	0.0003539	0.0000002	0.4214765	0.0001486	20.6	27.0	100
12/19/202	10:34:16 	28.184	0.0003549	0.0000003	0.4233363	0.0002105	20.6	27.0	100
12/19/202	10:34:38 	28.300	0.0003569	0.0000002	0.4252616	0.0001254	20.6	27.0	99
12/19/202	10:35:00 	28.430	0.0003580	0.0000000	0.4270121	0.0001363	20.6	27.0	100
12/19/202	10:35:22 	28.543	0.0003591	0.0000003	0.4284067	0.0001213	20.6	27.0	100
12/19/202	10:35:43 	28.651	0.0003610	0.0000000	0.4301994	0.0000528	20.6	27.0	100
12/19/202	10:36:05 	28.779	0.0003619	0.0000001	0.4316824	0.0000921	20.6	27.0	97
12/19/202	10:36:27 	28.906	0.0003629	0.0000003	0.4328734	0.0002197	20.6	27.0	97
12/19/202	10:36:49 	29.020	0.0003639	0.0000003	0.4342792	0.0002977	20.6	27.0	100
12/19/202	10:37:11 	29.134	0.0003650	0.0000001	0.4355587	0.0001417	20.6	27.0	100
12/19/202	10:37:33 	29.246	0.0003664	0.0000004	0.4370576	0.0001443	20.6	27.0	100
12/19/202	10:37:55 	29.355	0.0003680	0.0000000	0.4385741	0.0001980	20.6	27.0	100
12/19/202	10:38:17 	29.468	0.0003689	0.0000001	0.4393804	0.0001555	20.6	27.0	99
12/19/202	10:38:38 	29.582	0.0003708	0.0000003	0.4414289	0.0001630	20.6	27.0	99
12/19/202	10:39:00 	29.697	0.0003715	0.0000009	0.4425496	0.0013699	20.6	27.0	98
12/19/202	10:39:22 	29.804	0.0003729	0.0000001	0.4448669	0.0002572	20.6	27.0	99
12/19/202	10:39:44 	29.923	0.0003740	0.0000001	0.4459678	0.0001983	20.6	27.0	100
12/19/202	10:40:06 	30.040	0.0003760	0.0000000	0.4483331	0.0001103	20.6	27.0	99
12/19/202	10:40:28 	30.152	0.0003777	0.0000008	0.4501505	0.0006709	20.6	27.0	96
12/19/202	10:40:50 	30.270	0.0003789	0.0000001	0.4517452	0.0003928	20.6	27.0	99
12/19/202	10:41:12 	30.368	0.0003800	0.0000000	0.4533908	0.0001269	20.6	27.0	100
12/19/202	10:41:34 	30.486	0.0003811	0.0000005	0.4546326	0.0009877	20.6	27.0	100
12/19/202	10:41:55 	30.603	0.0003829	0.0000001	0.4568940	0.0007663	20.7	27.0	100
12/19/202	10:42:17 	30.693	0.0003835	0.0000012	0.4579622	0.0014118	20.7	27.0	99
12/19/202	10:42:39 	30.820	0.0003849	0.0000003	0.4585709	0.0014742	20.7	27.0	100
12/19/202	10:43:02 	30.937	0.0003860	0.0000001	0.4607076	0.0002195	20.7	27.0	100
12/19/202	10:43:24 	31.042	0.0003879	0.0000001	0.4625606	0.0001452	20.7	27.0	100
12/19/202	10:43:46 	31.156	0.0003889	0.0000001	0.4639570	0.0001128	20.7	27.0	100
12/19/202	10:44:08 	31.267	0.0003900	0.0000001	0.4652287	0.0001717	20.7	27.0	99
12/19/202	10:44:30 	31.403	0.0003918	0.0000004	0.4671218	0.0002825	20.7	27.0	98
12/19/202	10:44:52 	31.513	0.0003929	0.0000001	0.4689811	0.0001557	20.7	27.0	100
12/19/202	10:45:14 	31.629	0.0003947	0.0000006	0.4707244	0.0003429	20.7	27.0	100
12/19/202	10:45:35 	31.753	0.0003965	0.0000005	0.4731746	0.0002213	20.7	27.0	100
12/19/202	10:45:57 	31.874	0.0003979	0.0000002	0.4754765	0.0003013	20.7	27.0	100
12/19/202	10:46:19 	31.993	0.0003989	0.0000001	0.4775680	0.0002704	20.7	27.0	100
12/19/202	10:46:41 	32.089	0.0004001	0.0000004	0.4794993	0.0003122	20.7	27.0	99
12/19/202	10:47:03 	32.210	0.0004019	0.0000003	0.4812415	0.0003023	20.7	27.0	100
12/19/202	10:47:25 	32.338	0.0004030	0.0000000	0.4831350	0.0006279	20.7	27.0	99
12/19/202	10:47:47 	32.435	0.0004049	0.0000002	0.4859532	0.0002650	20.7	27.0	99
12/19/202	10:48:09 	32.556	0.0004069	0.0000002	0.4879645	0.0002157	20.7	27.0	100
12/19/202	10:48:31 	32.673	0.0004083	0.0000004	0.4906316	0.0001429	20.7	27.0	99
12/19/202	10:48:52 	32.804	0.0004098	0.0000009	0.4930677	0.0007194	20.7	27.0	97
12/19/202	10:49:14 	32.922	0.0004119	0.0000003	0.4950706	0.0003570	20.7	27.0	97
12/19/202	10:49:36 	33.045	0.0004139	0.0000004	0.4975690	0.0004077	20.7	27.0	98
12/19/202	10:49:58 	33.174	0.0004156	0.0000004	0.4988126	0.0001472	20.7	27.0	100
12/19/202	10:50:20 	33.298	0.0004174	0.0000005	0.5009296	0.0002782	20.7	27.0	99
12/19/202	10:50:42 	33.425	0.0004196	0.0000005	0.5035176	0.0002460	20.7	27.0	100
12/19/202	10:51:04 	33.529	0.0004209	0.0000001	0.5055624	0.0007802	20.7	27.0	100
12/19/202	10:51:26 	33.655	0.0004229	0.0000001	0.5081574	0.0002226	20.7	27.0	100
12/19/202	10:51:47 	33.783	0.0004250	0.0000000	0.5103222	0.0002426	20.7	27.0	98
12/19/202	10:52:09 	33.939	0.0004264	0.0000019	0.5129841	0.0012416	20.7	27.0	98
12/19/202	10:52:31 	34.047	0.0004281	0.0000004	0.5156381	0.0003438	20.7	27.0	97
12/19/202	10:52:53 	34.176	0.0004307	0.0000004	0.5185192	0.0003294	20.7	27.0	99
12/19/202	10:53:15 	34.284	0.0004328	0.0000003	0.5210405	0.0001308	20.7	27.0	97
12/19/202	10:53:37 	34.410	0.0004340	0.0000000	0.5230668	0.0001431	20.8	27.0	97
12/19/202	10:53:59 	34.516	0.0004360	0.0000000	0.5255448	0.0002122	20.8	27.0	100
12/19/202	10:54:21 	34.657	0.0004380	0.0000002	0.5282962	0.0002431	20.8	27.0	100
12/19/202	10:54:42 	34.770	0.0004399	0.0000002	0.5302723	0.0002216	20.8	27.0	100
12/19/202	10:55:04 	34.872	0.0004418	0.0000005	0.5325596	0.0004523	20.8	27.0	100
12/19/202	10:55:26 	35.000	0.0004430	0.0000001	0.5347741	0.0002134	20.8	27.0	100
12/19/202	10:55:48 	35.115	0.0004449	0.0000003	0.5359713	0.0003324	20.8	27.0	100
12/19/202	10:56:10 	35.236	0.0004460	0.0000001	0.5378060	0.0003328	20.8	27.0	99
12/19/202	10:56:32 	35.350	0.0004472	0.0000004	0.5399698	0.0006499	20.8	27.0	98
12/19/202	10:56:54 	35.468	0.0004488	0.0000003	0.5424337	0.0002731	20.8	27.0	99
12/19/202	10:57:16 	35.582	0.0004499	0.0000001	0.5436337	0.0002018	20.8	27.0	98
12/19/202	10:57:38 	35.702	0.0004510	0.0000000	0.5449410	0.0002041	20.8	27.0	97
12/19/202	10:57:59 	35.818	0.0004523	0.0000004	0.5467914	0.0003633	20.8	27.0	100
12/19/202	10:58:21 	35.932	0.0004539	0.0000001	0.5489206	0.0002767	20.8	27.0	100
12/19/202	10:58:43 	36.043	0.0004549	0.0000009	0.5497763	0.0006630	20.8	27.0	100
12/19/202	10:59:05 	36.155	0.0004559	0.0000002	0.5510555	0.0002302	20.8	27.0	100
12/19/202	10:59:27 	36.268	0.0004564	0.0000006	0.5519378	0.0004993	20.8	27.0	100
12/19/202	10:59:49 	36.408	0.0004571	0.0000003	0.5527853	0.0003522	20.8	27.0	99
12/19/202	11:00:11 	36.501	0.0004580	0.0000003	0.5538288	0.0003825	20.8	27.0	100
12/19/202	11:00:33 	36.618	0.0004591	0.0000003	0.5549242	0.0004423	20.8	27.0	98
12/19/202	11:00:54 	36.722	0.0004599	0.0000001	0.5564867	0.0002311	20.8	27.0	98
12/19/202	11:01:16 	36.843	0.0004613	0.0000004	0.5579254	0.0003514	20.8	27.0	100
12/19/202	11:01:38 	36.940	0.0004619	0.0000006	0.5585019	0.0006707	20.8	27.0	100
12/19/202	11:02:00 	37.048	0.0004629	0.0000001	0.5591140	0.0003396	20.8	27.0	98
12/19/202	11:02:22 	37.151	0.0004629	0.0000008	0.5590669	0.0014009	20.8	27.0	100
12/19/202	11:02:44 	37.253	0.0004640	0.0000000	0.5601491	0.0003174	20.8	27.0	100
12/19/202	11:03:06 	37.357	0.0004652	0.0000004	0.5614023	0.0004949	20.8	27.0	100
12/19/202	11:03:28 	37.463	0.0004664	0.0000005	0.5627923	0.0002655	20.8	27.0	100
12/19/202	11:03:50 	37.561	0.0004680	0.0000000	0.5649306	0.0002371	20.8	27.0	99
12/19/202	11:04:11 	37.683	0.0004690	0.0000000	0.5673193	0.0000937	20.8	27.0	100
12/19/202	11:04:33 	37.786	0.0004710	0.0000000	0.5698562	0.0006071	20.8	27.0	100
12/19/202	11:04:55 	37.890	0.0004718	0.0000019	0.5708062	0.0019872	20.8	27.0	100
12/19/202	11:05:17 	38.021	0.0004739	0.0000004	0.5729890	0.0003867	20.8	27.0	99
12/19/202	11:05:39 	38.117	0.0004758	0.0000003	0.5747809	0.0008009	20.8	27.0	97
12/19/202	11:06:01 	38.185	0.0004769	0.0000006	0.5768191	0.0005283	20.8	27.0	95
12/19/202	11:06:23 	38.311	0.0004790	0.0000003	0.5799118	0.0007210	20.8	27.0	100
12/19/202	11:06:45 	38.464	0.0004809	0.0000002	0.5829888	0.0002352	20.8	27.0	100
12/19/202	11:07:07 	38.587	0.0004824	0.0000019	0.5857726	0.0011350	20.8	27.0	100
12/19/202	11:07:29 	38.709	0.0004840	0.0000003	0.5881574	0.0001682	20.8	27.0	100
12/19/202	11:07:50 	38.857	0.0004860	0.0000000	0.5903055	0.0002364	20.8	27.0	100
12/19/202	11:08:13 	38.981	0.0004880	0.0000000	0.5926155	0.0001352	20.8	27.0	98
12/19/202	11:08:35 	39.078	0.0004900	0.0000000	0.5949303	0.0000842	20.8	27.0	100
12/19/202	11:08:57 	39.211	0.0004920	0.0000000	0.5972300	0.0003085	20.8	27.0	100
12/19/202	11:09:18 	39.318	0.0004930	0.0000001	0.5994864	0.0000993	20.8	27.0	100
12/19/202	11:09:40 	39.449	0.0004949	0.0000002	0.6010656	0.0004136	20.8	27.0	97
12/19/202	11:10:02 	39.588	0.0004966	0.0000004	0.6023889	0.0005586	20.8	27.0	97
12/19/202	11:10:24 	39.712	0.0004982	0.0000004	0.6042934	0.0004661	20.8	27.0	100
12/19/202	11:10:46 	39.821	0.0005000	0.0000002	0.6072200	0.0003559	20.8	27.0	100
12/19/202	11:11:08 	39.924	0.0005020	0.0000000	0.6091966	0.0002303	20.8	27.0	100
12/19/202	11:11:30 	40.048	0.0005040	0.0000000	0.6110040	0.0001788	20.8	27.0	100
12/19/202	11:11:52 	40.177	0.0005059	0.0000002	0.6125818	0.0002146	20.8	27.0	100
12/19/202	11:12:14 	40.307	0.0005070	0.0000000	0.6140749	0.0009481	20.9	27.0	100
12/19/202	11:12:35 	40.426	0.0005086	0.0000005	0.6159462	0.0018738	20.9	27.0	100
12/19/202	11:12:57 	40.557	0.0005100	0.0000000	0.6176345	0.0002368	20.9	27.0	99
12/19/202	11:13:19 	40.662	0.0005115	0.0000005	0.6200729	0.0002340	20.9	27.0	99
12/19/202	11:13:41 	40.780	0.0005130	0.0000000	0.6216371	0.0002533	20.9	27.0	99
12/19/202	11:14:03 	40.927	0.0005146	0.0000011	0.6240644	0.0007835	20.9	27.0	100
12/19/202	11:14:25 	41.036	0.0005157	0.0000022	0.6248001	0.0015805	20.9	27.0	97
12/19/202	11:14:47 	41.155	0.0005157	0.0000025	0.6261401	0.0014842	20.9	27.0	100
12/19/202	11:15:09 	41.302	0.0005189	0.0000003	0.6289370	0.0005040	20.9	27.0	100
12/19/202	11:15:30 	41.443	0.0005206	0.0000007	0.6309126	0.0003464	20.9	27.0	100
12/19/202	11:15:52 	41.532	0.0005202	0.0000023	0.6319424	0.0008772	20.9	27.0	100
12/19/202	11:16:14 	41.653	0.0005229	0.0000001	0.6337683	0.0002658	20.9	27.0	100
12/19/202	11:16:36 	41.778	0.0005236	0.0000010	0.6348943	0.0003361	20.9	27.0	100
12/19/202	11:16:58 	41.892	0.0005253	0.0000009	0.6367314	0.0004965	20.9	27.0	100
12/19/202	11:17:20 	41.972	0.0005267	0.0000007	0.6389660	0.0008837	20.9	27.0	100
12/19/202	11:17:42 	42.131	0.0005278	0.0000008	0.6401052	0.0018244	20.9	27.0	98
