2024-06-21-23:06:46	0.000	0.000000000	0.000000000	0.000001572	0.000000245	21.1	35.0	4708
2024-06-21-23:07:09	2.210	269798.000000000	15267900.000000000	0.010379869	0.000066951	21.1	35.0	4768
2024-06-21-23:07:33	3.210	624154.000000000	82765504.000000000	0.024446131	0.000141922	21.1	35.0	4707
2024-06-21-23:07:56	4.240	990166.000000000	207412606.000000000	0.038411341	0.000221008	21.1	35.0	4727
2024-06-21-23:08:20	5.260	1343366.000000000	385030834.000000000	0.052613369	0.000134276	21.1	35.0	4687
2024-06-21-23:08:43	6.270	1692184.000000000	610813526.000000000	0.066347666	0.000111514	21.1	35.0	4688
2024-06-21-23:09:06	7.300	2090164.000000000	912256952.000000000	0.080611939	0.000149477	21.1	35.0	4789
2024-06-21-23:09:29	8.310	2413105.000000000	1242391559.000000000	0.094932020	0.000396762	21.1	35.0	4687
2024-06-21-23:09:53	9.370	2795163.000000000	1655637933.000000000	0.108654530	0.000214071	21.1	35.0	4719
2024-06-21-23:10:16	10.360	3142884.000000000	2107932800.000000000	0.122383171	0.000239841	21.1	35.0	4686
2024-06-21-23:10:39	11.370	3495489.000000000	2598029563.000000000	0.134789851	0.000542914	21.1	35.0	4703
2024-06-21-23:11:03	12.420	3809027.000000000	3100815681.000000000	0.146415902	0.000223806	21.1	35.0	4679
2024-06-21-23:11:26	13.430	4154398.000000000	3693367624.000000000	0.159447051	0.000395378	21.1	35.0	4673
2024-06-21-23:11:49	14.410	4579019.000000000	4464149225.000000000	0.172746569	0.000939327	21.1	35.0	4697
2024-06-21-23:12:13	15.380	4982322.000000000	5265035794.000000000	0.189328539	0.000774935	21.1	35.0	4715
2024-06-21-23:12:36	16.370	5351565.000000000	6100177411.000000000	0.203607832	0.000578783	21.1	35.0	4695
2024-06-21-23:12:59	17.380	5732867.000000000	7001857799.000000000	0.216635172	0.000717549	21.1	35.0	4694
2024-06-21-23:13:23	18.390	6079163.000000000	7885284701.000000000	0.232940823	0.002031466	21.1	35.0	4687
2024-06-21-23:13:46	19.450	6397849.000000000	8767049217.000000000	0.245074491	0.001136341	21.1	35.0	4669
2024-06-21-23:14:09	20.460	6814311.000000000	9821302679.000000000	0.257690002	0.000552422	21.1	35.0	4728
2024-06-21-23:14:33	21.410	7332913.000000000	11200691145.000000000	0.272424449	0.001412140	21.1	35.0	4801
2024-06-21-23:14:56	22.410	7517485.000000000	12081036365.000000000	0.284230437	0.000800468	21.1	35.0	4678
2024-06-21-23:15:19	23.420	7899529.000000000	13334308575.000000000	0.300126026	0.001491346	21.1	35.0	4680
2024-06-21-23:15:43	24.400	8298536.000000000	14693713116.000000000	0.313511531	0.002377009	21.0	35.0	4687
2024-06-21-23:16:06	25.410	8719327.000000000	16152284587.000000000	0.325526087	0.001414837	21.0	35.0	4707
2024-06-21-23:16:29	26.410	8965914.000000000	17173622560.000000000	0.334594807	0.003743155	21.0	35.0	4681
2024-06-21-23:16:53	27.480	9305406.000000000	18345811656.000000000	0.347625438	0.000756753	21.0	35.0	4720
2024-06-21-23:17:16	28.460	9630090.000000000	19761372612.000000000	0.358769600	0.001296163	21.0	35.0	4693
2024-06-21-23:17:39	29.440	9929998.000000000	21065241446.000000000	0.371424122	0.004718938	21.0	36.0	4681
2024-06-21-23:18:03	30.420	10301160.000000000	22630686284.000000000	0.387201548	0.003426629	21.0	36.0	4689
2024-06-21-23:18:26	31.390	10757108.000000000	24706367006.000000000	0.408648427	0.002453260	21.0	36.0	4684
2024-06-21-23:18:49	32.450	11161680.000000000	26552891864.000000000	0.424523726	0.001653806	21.0	36.0	4692
2024-06-21-23:19:13	33.420	11470481.000000000	28290448287.000000000	0.441289937	0.001835234	21.1	36.0	4651
2024-06-21-23:19:36	34.400	11915266.000000000	30318889112.000000000	0.452155860	0.001961487	21.1	36.0	4683
2024-06-21-23:20:00	35.480	12208283.000000000	31725567489.000000000	0.461282676	0.003383441	21.1	36.0	4698
2024-06-21-23:20:23	36.560	12608491.000000000	33717173659.000000000	0.472325595	0.002660387	21.1	36.0	4715
2024-06-21-23:20:46	37.510	13002707.000000000	35843628687.000000000	0.487928047	0.005542416	21.1	36.0	4717
2024-06-21-23:21:10	38.490	13377692.000000000	38159008698.000000000	0.501290255	0.007066190	21.1	35.0	4690
2024-06-21-23:21:33	39.480	13843392.000000000	40698623834.000000000	0.518192954	0.004648910	21.1	35.0	4709
2024-06-21-23:21:56	40.380	14105395.000000000	42487010659.000000000	0.532497820	0.003191536	21.1	35.0	4683
2024-06-21-23:22:20	41.390	14470359.000000000	44382693257.000000000	0.537665241	0.005159294	21.1	35.0	4718
2024-06-21-23:22:43	42.510	14816700.000000000	46134681864.000000000	0.543694645	0.007190979	21.1	35.0	4759
2024-06-21-23:23:06	43.420	14978878.000000000	47925758114.000000000	0.556692054	0.009933441	21.1	35.0	4682
2024-06-21-23:23:30	44.380	15514385.000000000	51278092945.000000000	0.580691931	0.003369700	21.1	35.0	4694
2024-06-21-23:23:53	45.360	15932979.000000000	54001343353.000000000	0.595791498	0.002580032	21.1	35.0	4701
2024-06-21-23:24:16	46.490	16237004.000000000	56454430206.000000000	0.611378155	0.000521426	21.1	35.0	4670
2024-06-21-23:24:40	47.490	16689102.000000000	59135141290.000000000	0.623999743	0.000524127	21.1	35.0	4710
2024-06-21-23:25:03	48.500	16941474.000000000	61159733052.000000000	0.636270965	0.001505432	21.1	35.0	4693
2024-06-21-23:25:26	49.560	17445151.000000000	64491061431.000000000	0.649629462	0.000168212	21.1	35.0	4719
2024-06-21-23:25:50	50.580	17687142.000000000	66830811150.000000000	0.663152467	0.000086788	21.1	35.0	4681
2024-06-21-23:26:13	51.580	18110893.000000000	69922083115.000000000	0.677872764	0.000167209	21.1	35.0	4691
2024-06-21-23:26:36	52.550	18604794.000000000	73443328724.000000000	0.692600740	0.000063120	21.1	36.0	4713
2024-06-21-23:27:00	53.540	18768734.000000000	75544798856.000000000	0.705401620	0.000063033	21.1	36.0	4663
2024-06-21-23:27:23	54.580	19160505.000000000	78462267975.000000000	0.716989657	0.000075839	21.1	36.0	4679
2024-06-21-23:27:46	55.590	19328400.000000000	79149798000.000000000	0.729646791	0.000068820	21.1	36.0	4720
2024-06-21-23:28:10	56.610	19185075.000000000	78562882125.000000000	0.742040534	0.000319769	21.1	36.0	4685
2024-06-21-23:28:33	57.580	19332495.000000000	79166567025.000000000	0.756272070	0.000136266	21.1	35.0	4721
2024-06-21-23:28:56	58.520	19266975.000000000	78898262625.000000000	0.767777829	0.003795649	21.1	35.0	4705
2024-06-21-23:29:20	59.500	19279260.000000000	78948569700.000000000	0.780386472	0.000216295	21.1	35.0	4708
2024-06-21-23:29:43	60.490	19271070.000000000	78915031650.000000000	0.790650464	0.000290854	21.1	35.0	4706
2024-06-21-23:30:06	61.490	19303830.000000000	79049183850.000000000	0.803722804	0.000399967	21.1	35.0	4714
2024-06-21-23:30:30	62.520	19201455.000000000	78629958225.000000000	0.818374009	0.000445243	21.1	35.0	4689
2024-06-21-23:30:53	63.490	19230120.000000000	78747341400.000000000	0.831694135	0.000339738	21.1	35.0	4696
2024-06-21-23:31:17	64.470	19152315.000000000	78428729925.000000000	0.843303032	0.000218027	21.1	35.0	4677
2024-06-21-23:31:40	0.000	0.000000000	0.000000000	0.000001719	0.000000183	21.1	35.0	4743
