2024-06-21-22:41:29	0.000	0.000000000	0.000000000	0.000001601	0.000000264	21.1	35.0	4679
2024-06-21-22:41:52	2.210	265530.000000000	15009272.000000000	0.010487746	0.000064919	21.1	35.0	4698
2024-06-21-22:42:15	3.210	621954.000000000	82095662.000000000	0.024386428	0.000121244	21.1	35.0	4712
2024-06-21-22:42:39	4.240	980702.000000000	204114392.000000000	0.038283293	0.000121787	21.1	35.0	4712
2024-06-21-22:43:02	5.250	1339531.000000000	382673059.000000000	0.052387216	0.000128512	21.1	35.0	4689
2024-06-21-22:43:25	6.250	1695323.000000000	614919991.000000000	0.066009458	0.000162457	21.1	35.0	4674
2024-06-21-22:43:49	7.280	2057246.000000000	902406064.000000000	0.080294977	0.000205941	21.1	35.0	4690
2024-06-21-22:44:12	8.290	2421055.000000000	1248459803.000000000	0.094054063	0.000196572	21.1	35.0	4695
2024-06-21-22:44:35	9.340	2785848.000000000	1651976386.000000000	0.108453799	0.000191361	21.1	35.0	4698
2024-06-21-22:44:59	10.360	3140885.000000000	2106592483.000000000	0.122054528	0.000384499	21.1	35.0	4683
2024-06-21-22:45:22	11.340	3513683.000000000	2615709447.000000000	0.133402780	0.000492935	21.1	35.0	4720
2024-06-21-22:45:45	12.400	3821481.000000000	3117793209.000000000	0.145629969	0.000236875	21.1	35.0	4684
2024-06-21-22:46:09	13.380	4205759.000000000	3763512757.000000000	0.159381741	0.000346590	21.1	35.0	4700
2024-06-21-22:46:32	14.370	4593948.000000000	4476060164.000000000	0.172433404	0.001002956	21.1	35.0	4715
2024-06-21-22:46:55	15.370	4978677.000000000	5268457041.000000000	0.187647300	0.000821111	21.1	35.0	4705
2024-06-21-22:47:19	16.380	5342927.000000000	6102527557.000000000	0.203193182	0.000445690	21.1	35.0	4678
2024-06-21-22:47:42	17.390	5710788.000000000	6954076388.000000000	0.214447375	0.000820549	21.1	35.0	4690
2024-06-21-22:48:05	18.370	6104920.000000000	7897987898.000000000	0.229121915	0.001016426	21.1	35.0	4719
2024-06-21-22:48:29	19.460	6428615.000000000	8794948183.000000000	0.242886732	0.000455415	21.1	35.0	4699
2024-06-21-22:48:52	20.430	6786372.000000000	9776064658.000000000	0.255717854	0.000998521	21.1	35.0	4711
2024-06-21-22:49:15	21.360	7112926.000000000	10824874230.000000000	0.270191976	0.001419052	21.1	35.0	4674
2024-06-21-22:49:39	22.410	7727811.000000000	12436815147.000000000	0.282567202	0.000650166	21.1	35.0	4802
2024-06-21-22:50:02	23.410	7906907.000000000	13336554287.000000000	0.298098219	0.000960905	21.1	35.0	4688
2024-06-21-22:50:25	24.370	8412097.000000000	14977087195.000000000	0.314359651	0.001098740	21.1	35.0	4725
2024-06-21-22:50:49	25.390	8755096.000000000	16323397148.000000000	0.326830760	0.000668764	21.1	35.0	4696
2024-06-21-22:51:12	26.350	8989770.000000000	17254321520.000000000	0.334919245	0.003464134	21.1	35.0	4684
2024-06-21-22:51:35	27.440	9276833.000000000	18385549825.000000000	0.347105578	0.003137232	21.1	35.0	4681
2024-06-21-22:51:59	28.430	9588749.000000000	19642541075.000000000	0.358702301	0.001126800	21.1	35.0	4681
2024-06-21-22:52:22	29.400	10017090.000000000	21413392118.000000000	0.373239055	0.001365830	21.1	35.0	4686
2024-06-21-22:52:45	30.410	10385796.000000000	22936108876.000000000	0.386600862	0.006452408	21.0	35.0	4703
2024-06-21-22:53:09	31.370	10947455.000000000	25550837135.000000000	0.412766920	0.003425979	21.0	35.0	4691
2024-06-21-22:53:32	32.420	11193904.000000000	26775253576.000000000	0.419786684	0.004000712	21.0	35.0	4680
2024-06-21-22:53:55	33.370	11599165.000000000	28632891523.000000000	0.441644809	0.002978590	21.0	35.0	4699
2024-06-21-22:54:19	34.300	12063140.000000000	30740863764.000000000	0.454178644	0.001596726	21.0	35.0	4734
2024-06-21-22:54:42	35.380	12283712.000000000	32072058226.000000000	0.461307329	0.003632601	21.0	35.0	4705
2024-06-21-22:55:05	36.540	12577895.000000000	33511848413.000000000	0.473794067	0.004102650	21.0	35.0	4721
2024-06-21-22:55:29	37.430	13227454.000000000	36826147222.000000000	0.492172447	0.003681243	21.0	35.0	4752
2024-06-21-22:55:52	38.450	13337597.000000000	37995982633.000000000	0.502574932	0.005717940	21.0	35.0	4682
2024-06-21-22:56:15	39.400	13911549.000000000	41238245931.000000000	0.527538412	0.007562991	21.0	35.0	4694
2024-06-21-22:56:39	40.370	14406986.000000000	43180658776.000000000	0.532422254	0.001482167	21.0	35.0	4807
2024-06-21-22:57:02	41.450	14636120.000000000	44853101500.000000000	0.538609096	0.006197053	21.0	35.0	4776
2024-06-21-22:57:25	42.430	14637850.000000000	45688367916.000000000	0.545471966	0.010596497	21.0	35.0	4690
2024-06-21-22:57:49	43.460	15104650.000000000	48595125602.000000000	0.563342984	0.004195172	21.0	35.0	4695
2024-06-21-22:58:12	44.420	15462681.000000000	51111999067.000000000	0.575939608	0.007236528	21.0	35.0	4678
2024-06-21-22:58:35	45.460	15917614.000000000	54069857678.000000000	0.595606293	0.002877139	21.0	35.0	4686
2024-06-21-22:58:59	46.460	16209603.000000000	56384693591.000000000	0.611468586	0.001454201	21.0	35.0	4660
2024-06-21-22:59:22	47.480	16644727.000000000	58996488933.000000000	0.623771297	0.003088147	21.0	35.0	4696
2024-06-21-22:59:45	48.490	17065589.000000000	61846440271.000000000	0.636915792	0.001378236	21.0	35.0	4709
2024-06-21-23:00:09	49.530	17394031.000000000	64334164505.000000000	0.647630465	0.010039756	21.1	35.0	4703
2024-06-21-23:00:32	50.540	17794905.000000000	67374215713.000000000	0.664251574	0.000459960	21.1	35.0	4700
2024-06-21-23:00:55	51.560	18539630.000000000	71802362586.000000000	0.679107069	0.000143134	21.1	35.0	4787
2024-06-21-23:01:19	52.520	18447886.000000000	72984030052.000000000	0.693488065	0.000193038	21.1	35.0	4663
2024-06-21-23:01:42	53.520	18910058.000000000	76261539676.000000000	0.706405504	0.000132084	21.1	35.0	4689
2024-06-21-23:02:05	54.560	19226025.000000000	78730572375.000000000	0.719576405	0.000770050	21.1	35.0	4695
2024-06-21-23:02:29	55.570	19262880.000000000	78881493600.000000000	0.731200821	0.000184404	21.1	35.0	4704
2024-06-21-23:02:52	56.590	19299735.000000000	79032414825.000000000	0.742983894	0.000092333	21.1	35.0	4713
2024-06-21-23:03:15	57.560	19185075.000000000	78562882125.000000000	0.759301159	0.000308980	21.1	35.0	4685
2024-06-21-23:03:39	58.330	19103175.000000000	78227501625.000000000	0.769066012	0.010485795	21.1	35.0	4665
2024-06-21-23:04:02	59.270	19217835.000000000	78697034325.000000000	0.784629809	0.000140899	21.1	35.0	4693
2024-06-21-23:04:25	60.470	19238310.000000000	78780879450.000000000	0.795437924	0.006563384	21.1	35.0	4698
2024-06-21-23:04:49	61.510	19258785.000000000	78864724575.000000000	0.811456366	0.000420706	21.1	35.0	4703
2024-06-21-23:05:12	62.520	19242405.000000000	78797648475.000000000	0.824263254	0.001098596	21.1	35.0	4699
2024-06-21-23:05:35	63.490	19549530.000000000	80055325350.000000000	0.837597204	0.000787382	21.1	35.0	4774
2024-06-21-23:05:58	64.470	19320210.000000000	79116259950.000000000	0.849905764	0.000600737	21.1	35.0	4718
2024-06-21-23:06:22	0.000	0.000000000	0.000000000	0.000001572	0.000000196	21.1	35.0	4727
