2024-06-20-22:20:52	0.000	0.000000000	0.000000000	0.000001364	0.000000160	21.1	37.0	4688
2024-06-20-22:21:15	2.210	264548.000000000	14898150.000000000	0.010302770	0.000098987	21.0	37.0	4698
2024-06-20-22:21:39	3.200	623311.000000000	82297553.000000000	0.024008557	0.000100278	21.0	37.0	4721
2024-06-20-22:22:02	4.240	983141.000000000	205654109.000000000	0.038094150	0.000083469	21.0	37.0	4700
2024-06-20-22:22:25	5.240	1344977.000000000	385133201.000000000	0.051993653	0.000142518	21.0	37.0	4697
2024-06-20-22:22:49	6.240	1699417.000000000	617891517.000000000	0.065922590	0.000076059	21.0	37.0	4674
2024-06-20-22:23:12	7.270	2060470.000000000	908334500.000000000	0.079813351	0.000208146	21.0	36.0	4674
2024-06-20-22:23:35	8.280	2414467.000000000	1245920693.000000000	0.093924688	0.000210809	21.0	36.0	4679
2024-06-20-22:23:59	9.340	2779862.000000000	1647686992.000000000	0.107912996	0.000178952	21.0	36.0	4690
2024-06-20-22:24:22	10.360	3140094.000000000	2093465604.000000000	0.121137411	0.000156946	21.0	36.0	4710
2024-06-20-22:24:45	11.370	3456627.000000000	2549806785.000000000	0.133585785	0.000327401	21.0	36.0	4686
2024-06-20-22:25:09	12.420	3789190.000000000	3085097566.000000000	0.147327665	0.000367873	21.0	37.0	4654
2024-06-20-22:25:32	13.410	4175438.000000000	3704708734.000000000	0.160117767	0.000411621	21.0	37.0	4706
2024-06-20-22:25:55	14.380	4534893.000000000	4377471557.000000000	0.173982592	0.000695889	21.0	37.0	4698
2024-06-20-22:26:18	15.370	5001674.000000000	5243682090.000000000	0.188521940	0.000576936	21.0	37.0	4771
2024-06-20-22:26:42	16.350	5274434.000000000	5947025668.000000000	0.202162389	0.000305679	21.0	37.0	4678
2024-06-20-22:27:05	17.380	5623657.000000000	6746228069.000000000	0.215264387	0.000809078	21.1	37.0	4688
2024-06-20-22:27:28	18.490	6118039.000000000	7794834031.000000000	0.230648215	0.000768674	21.1	37.0	4802
2024-06-20-22:27:52	19.460	6338126.000000000	8570939086.000000000	0.242647209	0.000953593	21.1	37.0	4687
2024-06-20-22:28:15	20.460	6727388.000000000	9670603598.000000000	0.260108754	0.001070997	21.1	37.0	4680
2024-06-20-22:28:38	21.420	7101423.000000000	10759812583.000000000	0.269699732	0.001274944	21.1	37.0	4687
2024-06-20-22:29:02	22.410	7582692.000000000	12077024650.000000000	0.283204962	0.001207593	21.1	36.0	4761
2024-06-20-22:29:25	23.400	7825766.000000000	13114293558.000000000	0.298212447	0.000510278	21.1	36.0	4670
2024-06-20-22:29:48	24.420	8318179.000000000	14665828001.000000000	0.315480000	0.002040351	21.1	36.0	4718
2024-06-20-22:30:12	25.500	8636524.000000000	15873701422.000000000	0.328793585	0.001815927	21.1	36.0	4699
2024-06-20-22:30:35	26.490	9000985.000000000	17154395967.000000000	0.341701144	0.003260768	21.1	36.0	4723
2024-06-20-22:30:58	27.490	9266417.000000000	18340282485.000000000	0.348148610	0.005283074	21.0	37.0	4682
2024-06-20-22:31:22	28.460	9752026.000000000	20110835974.000000000	0.365067912	0.001738516	21.0	37.0	4729
2024-06-20-22:31:45	29.410	10070387.000000000	21655761329.000000000	0.374988699	0.001111037	21.0	37.0	4683
2024-06-20-22:32:08	30.410	10455112.000000000	23203797134.000000000	0.395208873	0.001298976	21.0	37.0	4711
2024-06-20-22:32:32	31.330	10828646.000000000	24992422580.000000000	0.410430141	0.000919558	21.0	37.0	4692
2024-06-20-22:32:55	32.390	11249618.000000000	27004163322.000000000	0.424401170	0.001581349	21.0	36.0	4687
2024-06-20-22:33:18	33.450	11548774.000000000	28420394220.000000000	0.437923651	0.000465238	21.0	36.0	4693
2024-06-20-22:33:42	34.440	11895265.000000000	30113683915.000000000	0.449110886	0.002148124	21.0	36.0	4699
2024-06-20-22:34:05	35.460	12056712.000000000	31150870170.000000000	0.453138730	0.005508586	21.0	36.0	4667
2024-06-20-22:34:28	36.460	12538324.000000000	33578527328.000000000	0.474712319	0.000883761	21.0	37.0	4682
2024-06-20-22:34:52	37.510	12851473.000000000	35398100895.000000000	0.490254805	0.002386656	21.0	37.0	4666
2024-06-20-22:35:15	38.490	13308883.000000000	37735294027.000000000	0.503823987	0.003738474	21.0	37.0	4694
2024-06-20-22:35:38	39.440	13776457.000000000	40298199997.000000000	0.521110145	0.004015669	21.0	37.0	4710
2024-06-20-22:36:02	40.450	14159011.000000000	42376373281.000000000	0.532090702	0.002181714	21.0	37.0	4731
2024-06-20-22:36:25	41.460	14226897.000000000	43375885299.000000000	0.540990067	0.007159099	21.1	37.0	4667
2024-06-20-22:36:48	42.540	14603838.000000000	45564237300.000000000	0.551402890	0.005077085	21.1	37.0	4681
2024-06-20-22:37:12	43.510	14988630.000000000	47905358752.000000000	0.570437933	0.005866186	21.1	37.0	4690
2024-06-20-22:37:35	44.490	15579478.000000000	51448496196.000000000	0.589137741	0.000615199	21.1	37.0	4718
2024-06-20-22:37:59	45.500	15823049.000000000	53532109193.000000000	0.604052883	0.000255182	21.1	36.0	4677
2024-06-20-22:38:22	46.520	16188917.000000000	56024200443.000000000	0.617951286	0.001007969	21.1	36.0	4678
2024-06-20-22:38:45	47.530	16545191.000000000	58467245737.000000000	0.629201061	0.001133492	21.1	36.0	4682
2024-06-20-22:39:09	48.510	16978813.000000000	61297869811.000000000	0.640963460	0.001611055	21.1	36.0	4703
2024-06-20-22:39:32	49.550	17452623.000000000	64314627105.000000000	0.653987675	0.001135453	21.1	36.0	4736
2024-06-20-22:39:55	50.550	17773727.000000000	66874885783.000000000	0.667267238	0.003922044	21.1	36.0	4724
2024-06-20-22:40:19	51.560	17992365.000000000	69400250039.000000000	0.680077629	0.003823580	21.1	36.0	4665
2024-06-20-22:40:42	52.560	18494916.000000000	72686346106.000000000	0.693793833	0.000261779	21.1	36.0	4706
2024-06-20-22:41:05	53.530	18871263.000000000	75595101983.000000000	0.705827762	0.000195217	21.1	36.0	4711
2024-06-20-22:41:29	54.500	19243668.000000000	78490628954.000000000	0.716621736	0.000259246	21.1	36.0	4718
2024-06-20-22:41:52	55.590	19295640.000000000	79015645800.000000000	0.727869650	0.000484909	21.1	36.0	4712
2024-06-20-22:42:16	56.610	19504485.000000000	79870866075.000000000	0.740228056	0.000358448	21.1	36.0	4763
2024-06-20-22:42:39	57.530	19164600.000000000	78479037000.000000000	0.754853351	0.001310586	21.1	36.0	4680
2024-06-20-22:43:02	58.530	19324305.000000000	79133028975.000000000	0.768160721	0.003619967	21.1	36.0	4719
2024-06-20-22:43:26	59.480	19303830.000000000	79049183850.000000000	0.781573452	0.003739786	21.1	36.0	4714
2024-06-20-22:43:49	60.500	19443060.000000000	79619330700.000000000	0.795660089	0.000650426	21.1	36.0	4748
2024-06-20-22:44:12	61.530	19197360.000000000	78613189200.000000000	0.807609798	0.000521778	21.1	36.0	4688
2024-06-20-22:44:35	62.520	19197360.000000000	78613189200.000000000	0.822060045	0.000906760	21.1	36.0	4688
2024-06-20-22:44:59	63.520	19168695.000000000	78495806025.000000000	0.833334709	0.009988095	21.1	36.0	4681
2024-06-20-22:45:22	64.470	19213740.000000000	78680265300.000000000	0.852127681	0.000813388	21.1	37.0	4692
2024-06-20-22:45:46	0.000	0.000000000	0.000000000	0.000001392	0.000000219	21.1	37.0	4681
