2024-06-19-15:33:59	0.000	0.000000000	0.000000000	0.000002147	0.000000277	21.2	35.0	4759
2024-06-19-15:34:23	2.210	268146.000000000	15358214.000000000	0.010547459	0.000090805	21.2	35.0	4682
2024-06-19-15:34:46	3.210	625705.000000000	83674601.000000000	0.024723330	0.000133079	21.2	35.0	4679
2024-06-19-15:35:09	4.250	991198.000000000	208949106.000000000	0.038678182	0.000164237	21.2	35.0	4702
2024-06-19-15:35:33	5.250	1352384.000000000	390718552.000000000	0.052847005	0.000201394	21.2	35.0	4681
2024-06-19-15:35:56	6.250	1717839.000000000	628001187.000000000	0.066718697	0.000107800	21.2	35.0	4699
2024-06-19-15:36:19	7.290	2078597.000000000	921820389.000000000	0.080870777	0.000127263	21.2	35.0	4687
2024-06-19-15:36:43	8.290	2439901.000000000	1273125147.000000000	0.094787914	0.000355191	21.2	35.0	4676
2024-06-19-15:37:06	9.340	2810965.000000000	1686201713.000000000	0.108840647	0.000505058	21.2	35.0	4686
2024-06-19-15:37:29	10.360	3190926.000000000	2159498124.000000000	0.123557633	0.000768485	21.2	35.0	4715
2024-06-19-15:37:53	11.370	3543042.000000000	2665218290.000000000	0.137651421	0.000858839	21.2	35.0	4710
2024-06-19-15:38:16	12.430	3906050.000000000	3240708650.000000000	0.150524017	0.000492578	21.2	35.0	4708
2024-06-19-15:38:39	13.420	4238755.000000000	3837481189.000000000	0.163449399	0.000569552	21.2	35.0	4682
2024-06-19-15:39:03	14.430	4604079.000000000	4529410291.000000000	0.178173372	0.000571798	21.2	35.0	4680
2024-06-19-15:39:26	15.360	5010893.000000000	5359608265.000000000	0.191658507	0.000733633	21.2	35.0	4685
2024-06-19-15:39:49	16.400	5412400.000000000	6202539770.000000000	0.205615270	0.000531190	21.2	35.0	4723
2024-06-19-15:40:13	17.380	5743827.000000000	7021093655.000000000	0.218878333	0.001044589	21.2	35.0	4699
2024-06-19-15:40:36	18.410	6073273.000000000	7888131069.000000000	0.233621449	0.000740721	21.2	35.0	4676
2024-06-19-15:40:59	19.490	6435297.000000000	8841462673.000000000	0.246310053	0.000784914	21.2	35.0	4684
2024-06-19-15:41:22	20.400	6869819.000000000	10013801867.000000000	0.260928113	0.001149451	21.2	35.0	4713
2024-06-19-15:41:46	21.380	7200920.000000000	11063430336.000000000	0.273099986	0.001865965	21.2	35.0	4687
2024-06-19-15:42:09	22.370	7488889.000000000	12004331983.000000000	0.283904418	0.001741249	21.2	35.0	4672
2024-06-19-15:42:32	23.340	7978245.000000000	13549646935.000000000	0.302019712	0.001190478	21.2	35.0	4698
2024-06-19-15:42:56	24.330	8380802.000000000	14970601204.000000000	0.319444199	0.002043581	21.2	35.0	4692
2024-06-19-15:43:19	25.310	8694039.000000000	16123573351.000000000	0.330228113	0.001927830	21.2	35.0	4688
2024-06-19-15:43:42	26.370	9051376.000000000	17435204154.000000000	0.341368926	0.002819724	21.2	35.0	4699
2024-06-19-15:44:06	27.400	9348032.000000000	18510548954.000000000	0.345774842	0.004389423	21.2	35.0	4721
2024-06-19-15:44:29	28.390	9687877.000000000	19990909353.000000000	0.360451314	0.002280262	21.2	35.0	4695
2024-06-19-15:44:53	29.390	10182455.000000000	21800597237.000000000	0.376364210	0.003274876	21.2	35.0	4756
2024-06-19-15:45:16	30.370	10517151.000000000	23490194983.000000000	0.394246569	0.003011412	21.2	35.0	4709
2024-06-19-15:45:39	31.320	11075632.000000000	26062437428.000000000	0.423607767	0.003654000	21.2	35.0	4707
2024-06-19-15:46:03	32.430	11353249.000000000	27406293673.000000000	0.429174696	0.001272787	21.2	35.0	4704
2024-06-19-15:46:26	33.440	11787636.000000000	29435346076.000000000	0.453432935	0.006631221	21.2	35.0	4721
2024-06-19-15:46:49	34.570	11925100.000000000	30383102994.000000000	0.455180258	0.006911343	21.2	35.0	4681
2024-06-19-15:47:13	35.510	12250967.000000000	32037935195.000000000	0.470265800	0.004000112	21.2	35.0	4685
2024-06-19-15:47:36	36.530	12592508.000000000	33767685268.000000000	0.477142349	0.001392823	21.2	35.0	4696
2024-06-19-15:47:59	37.510	13014729.000000000	36002316045.000000000	0.493930489	0.002323013	21.2	35.0	4705
2024-06-19-15:48:23	38.460	13183296.000000000	37140578818.000000000	0.502151471	0.004904684	21.2	35.0	4680
2024-06-19-15:48:46	39.480	13734654.000000000	40222252730.000000000	0.519020362	0.000994343	21.2	35.0	4690
2024-06-19-15:49:09	40.450	14101614.000000000	42463585152.000000000	0.533523703	0.001000587	21.2	35.0	4683
2024-06-19-15:49:33	41.450	14435893.000000000	44311748213.000000000	0.541683439	0.004220168	21.2	35.0	4703
2024-06-19-15:49:56	42.520	14712486.000000000	46124111440.000000000	0.548861488	0.005272433	21.2	35.0	4693
2024-06-19-15:50:19	43.470	15016326.000000000	48172805038.000000000	0.564484193	0.007342293	21.2	35.0	4681
2024-06-19-15:50:43	44.510	15573703.000000000	51626328663.000000000	0.583870387	0.000734840	21.2	35.0	4698
2024-06-19-15:51:06	45.480	15967239.000000000	54291646695.000000000	0.598437881	0.000928502	21.2	35.0	4696
2024-06-19-15:51:29	46.510	16337347.000000000	56728843159.000000000	0.611156684	0.000681430	21.2	35.0	4705
2024-06-19-15:51:53	47.520	16592878.000000000	58755834988.000000000	0.623217577	0.005905098	21.2	35.0	4686
2024-06-19-15:52:16	48.490	16946682.000000000	61378830078.000000000	0.633177760	0.009030503	21.2	35.0	4679
2024-06-19-15:52:39	49.530	17203660.000000000	63582325576.000000000	0.650774591	0.002581039	21.2	35.0	4655
2024-06-19-15:53:03	50.550	17778986.000000000	67225090130.000000000	0.665941168	0.000533384	21.2	35.0	4702
2024-06-19-15:53:26	51.580	18256680.000000000	70690645206.000000000	0.683694973	0.000658218	21.2	35.0	4715
2024-06-19-15:53:49	52.550	18627956.000000000	73924334162.000000000	0.698488609	0.000333729	21.2	35.0	4694
2024-06-19-15:54:13	53.530	19074676.000000000	77281961422.000000000	0.713537535	0.000253103	21.2	35.0	4708
2024-06-19-15:54:36	54.570	19205550.000000000	78646727250.000000000	0.726756554	0.000399614	21.2	35.0	4690
2024-06-19-15:54:59	55.580	19226025.000000000	78730572375.000000000	0.739128157	0.000246259	21.2	35.0	4695
2024-06-19-15:55:23	56.580	19172790.000000000	78512575050.000000000	0.751446391	0.000272513	21.2	35.0	4682
2024-06-19-15:55:46	57.540	19299735.000000000	79032414825.000000000	0.763909488	0.000367107	21.2	35.0	4713
2024-06-19-15:56:10	58.340	19185075.000000000	78562882125.000000000	0.776166799	0.006827762	21.2	35.0	4685
2024-06-19-15:56:33	59.030	19205550.000000000	78646727250.000000000	0.783729023	0.012953070	21.2	35.0	4690
2024-06-19-15:56:56	60.380	19312020.000000000	79082721900.000000000	0.797410014	0.010939892	21.2	35.0	4716
2024-06-19-15:57:19	61.510	19197360.000000000	78613189200.000000000	0.815316442	0.000619410	21.2	35.0	4688
2024-06-19-15:57:43	62.530	19246500.000000000	78814417500.000000000	0.828096870	0.000300062	21.2	35.0	4700
2024-06-19-15:58:06	63.500	19152315.000000000	78428729925.000000000	0.842663788	0.000228308	21.2	35.0	4677
2024-06-19-15:58:29	64.490	19152315.000000000	78428729925.000000000	0.857386751	0.000513201	21.2	35.0	4677
2024-06-19-15:58:53	0.000	0.000000000	0.000000000	0.000002074	0.000000247	21.2	35.0	4698
