4/19/2024	10:49:59 	0.000	0.0000000	0.0000000	0.0000013	0.0000001	19.5	34.0	100
4/19/2024	10:50:21 	1.421	0.0000000	0.0000000	0.0000130	0.0000002	19.5	34.0	100
4/19/2024	10:50:43 	1.430	0.0000000	0.0000000	0.0001070	0.0000002	19.5	34.0	100
4/19/2024	10:51:05 	1.584	0.0000020	0.0000000	0.0020657	0.0000502	19.5	34.0	99
4/19/2024	10:51:27 	1.729	0.0000030	0.0000000	0.0035516	0.0000846	19.5	34.0	100
4/19/2024	10:51:49 	1.854	0.0000040	0.0000001	0.0051829	0.0000803	19.5	34.0	100
4/19/2024	10:52:11 	1.975	0.0000054	0.0000004	0.0065591	0.0000811	19.5	34.0	100
4/19/2024	10:52:32 	2.085	0.0000070	0.0000000	0.0081444	0.0000771	19.5	34.0	100
4/19/2024	10:52:54 	2.207	0.0000079	0.0000001	0.0096882	0.0000505	19.5	34.0	99
4/19/2024	10:53:16 	2.331	0.0000090	0.0000000	0.0112951	0.0000687	19.5	34.0	99
4/19/2024	10:53:38 	2.449	0.0000104	0.0000005	0.0127389	0.0001057	19.5	34.0	100
4/19/2024	10:54:00 	2.574	0.0000120	0.0000000	0.0143246	0.0001207	19.5	34.0	100
4/19/2024	10:54:22 	2.696	0.0000130	0.0000000	0.0159136	0.0000695	19.5	34.0	98
4/19/2024	10:54:44 	2.815	0.0000140	0.0000000	0.0174359	0.0001025	19.5	34.0	97
4/19/2024	10:55:06 	2.936	0.0000155	0.0000005	0.0190500	0.0001365	19.5	34.0	95
4/19/2024	10:55:27 	3.053	0.0000170	0.0000000	0.0204852	0.0001348	19.5	34.0	100
4/19/2024	10:55:49 	3.183	0.0000180	0.0000000	0.0220366	0.0001489	19.5	34.0	100
4/19/2024	10:56:11 	3.300	0.0000190	0.0000000	0.0236413	0.0001380	19.5	34.0	100
4/19/2024	10:56:33 	3.421	0.0000204	0.0000005	0.0251211	0.0001177	19.5	34.0	100
4/19/2024	10:56:55 	3.547	0.0000220	0.0000000	0.0265915	0.0001250	19.5	34.0	100
4/19/2024	10:57:17 	3.665	0.0000229	0.0000001	0.0282676	0.0001040	19.5	34.0	98
4/19/2024	10:57:39 	3.782	0.0000240	0.0000000	0.0297038	0.0001514	19.5	34.0	100
4/19/2024	10:58:01 	3.903	0.0000253	0.0000004	0.0312305	0.0001247	19.5	34.0	100
4/19/2024	10:58:23 	4.024	0.0000270	0.0000000	0.0327608	0.0001144	19.5	34.0	96
4/19/2024	10:58:44 	4.175	0.0000280	0.0000000	0.0343263	0.0001003	19.5	34.0	98
4/19/2024	10:59:06 	4.292	0.0000290	0.0000000	0.0358903	0.0001392	19.5	34.0	97
4/19/2024	10:59:28 	4.421	0.0000308	0.0000003	0.0375142	0.0001146	19.5	34.0	100
4/19/2024	10:59:50 	4.549	0.0000319	0.0000001	0.0391240	0.0001172	19.5	35.0	100
4/19/2024	11:00:12 	4.673	0.0000330	0.0000000	0.0408320	0.0001121	19.5	35.0	99
4/19/2024	11:00:34 	4.794	0.0000340	0.0000002	0.0422066	0.0001256	19.5	35.0	100
4/19/2024	11:00:56 	4.918	0.0000357	0.0000004	0.0436994	0.0001328	19.5	35.0	100
4/19/2024	11:01:18 	5.027	0.0000369	0.0000001	0.0451356	0.0001937	19.5	35.0	100
4/19/2024	11:01:39 	5.154	0.0000380	0.0000000	0.0466292	0.0001919	19.5	34.0	100
4/19/2024	11:02:01 	5.276	0.0000394	0.0000005	0.0485781	0.0000976	19.5	34.0	100
4/19/2024	11:02:23 	5.400	0.0000407	0.0000004	0.0497377	0.0001649	19.5	34.0	98
4/19/2024	11:02:45 	5.522	0.0000420	0.0000000	0.0514261	0.0001152	19.5	34.0	98
4/19/2024	11:03:07 	5.651	0.0000430	0.0000000	0.0530965	0.0001461	19.5	34.0	100
4/19/2024	11:03:29 	5.772	0.0000446	0.0000004	0.0547340	0.0000949	19.6	34.0	97
4/19/2024	11:03:51 	5.899	0.0000460	0.0000000	0.0563217	0.0000952	19.6	34.0	99
4/19/2024	11:04:13 	6.017	0.0000470	0.0000000	0.0577044	0.0001294	19.6	34.0	99
4/19/2024	11:04:34 	6.122	0.0000480	0.0000000	0.0593189	0.0001222	19.6	34.0	100
4/19/2024	11:04:56 	6.244	0.0000492	0.0000004	0.0606956	0.0001034	19.6	34.0	100
4/19/2024	11:05:18 	6.363	0.0000510	0.0000000	0.0622487	0.0001066	19.6	34.0	100
4/19/2024	11:05:40 	6.484	0.0000520	0.0000000	0.0639405	0.0001510	19.6	34.0	100
4/19/2024	11:06:02 	6.637	0.0000534	0.0000005	0.0657110	0.0001824	19.6	34.0	99
4/19/2024	11:06:24 	6.756	0.0000549	0.0000002	0.0672650	0.0001514	19.6	34.0	100
4/19/2024	11:06:46 	6.866	0.0000559	0.0000001	0.0689266	0.0002495	19.6	34.0	98
4/19/2024	11:07:08 	6.991	0.0000570	0.0000002	0.0707808	0.0002099	19.6	34.0	98
4/19/2024	11:07:30 	7.111	0.0000581	0.0000003	0.0720557	0.0001575	19.6	34.0	99
4/19/2024	11:07:51 	7.229	0.0000600	0.0000000	0.0737443	0.0000747	19.6	34.0	100
4/19/2024	11:08:13 	7.355	0.0000610	0.0000000	0.0754189	0.0001131	19.6	34.0	100
4/19/2024	11:08:35 	7.471	0.0000620	0.0000000	0.0771037	0.0001343	19.6	34.0	100
4/19/2024	11:08:57 	7.595	0.0000639	0.0000001	0.0787216	0.0001114	19.5	34.0	100
4/19/2024	11:09:19 	7.722	0.0000650	0.0000000	0.0803500	0.0001534	19.5	34.0	100
4/19/2024	11:09:41 	7.848	0.0000660	0.0000000	0.0818763	0.0001544	19.5	34.0	100
4/19/2024	11:10:03 	7.967	0.0000676	0.0000004	0.0833487	0.0001876	19.5	34.0	99
4/19/2024	11:10:25 	8.088	0.0000689	0.0000001	0.0848481	0.0001444	19.5	34.0	100
4/19/2024	11:10:46 	8.207	0.0000700	0.0000000	0.0863730	0.0002010	19.6	34.0	99
4/19/2024	11:11:08 	8.327	0.0000710	0.0000001	0.0880767	0.0003197	19.6	34.0	98
4/19/2024	11:11:30 	8.445	0.0000727	0.0000004	0.0896480	0.0001898	19.6	34.0	100
4/19/2024	11:11:52 	8.566	0.0000740	0.0000000	0.0911158	0.0001995	19.6	34.0	98
4/19/2024	11:12:14 	8.691	0.0000750	0.0000000	0.0926952	0.0001817	19.6	34.0	96
4/19/2024	11:12:36 	8.819	0.0000764	0.0000005	0.0945026	0.0003066	19.6	34.0	100
4/19/2024	11:12:58 	8.949	0.0000780	0.0000000	0.0961318	0.0002210	19.6	34.0	100
4/19/2024	11:13:20 	9.089	0.0000790	0.0000000	0.0975680	0.0003660	19.6	34.0	100
4/19/2024	11:13:42 	9.232	0.0000805	0.0000005	0.0997209	0.0002594	19.6	34.0	100
4/19/2024	11:14:03 	9.341	0.0000820	0.0000000	0.1009801	0.0002970	19.6	34.0	100
4/19/2024	11:14:25 	9.456	0.0000830	0.0000001	0.1029826	0.0003010	19.6	34.0	99
4/19/2024	11:14:47 	9.582	0.0000849	0.0000003	0.1050111	0.0003504	19.6	34.0	100
4/19/2024	11:15:09 	9.711	0.0000860	0.0000000	0.1069432	0.0004335	19.6	34.0	100
4/19/2024	11:15:31 	9.835	0.0000878	0.0000003	0.1092633	0.0005847	19.6	34.0	98
4/19/2024	11:15:53 	9.941	0.0000890	0.0000001	0.1105198	0.0004513	19.6	34.0	97
4/19/2024	11:16:15 	10.067	0.0000900	0.0000001	0.1122895	0.0004110	19.6	34.0	97
4/19/2024	11:16:37 	10.188	0.0000912	0.0000004	0.1138636	0.0004890	19.6	34.0	100
4/19/2024	11:16:58 	10.314	0.0000929	0.0000004	0.1156572	0.0007014	19.6	34.0	100
4/19/2024	11:17:20 	10.432	0.0000940	0.0000002	0.1173935	0.0003748	19.6	34.0	99
4/19/2024	11:17:42 	10.550	0.0000955	0.0000004	0.1190842	0.0004468	19.6	34.0	100
4/19/2024	11:18:04 	10.676	0.0000970	0.0000001	0.1207850	0.0004861	19.6	34.0	100
4/19/2024	11:18:26 	10.795	0.0000980	0.0000001	0.1218141	0.0004283	19.6	34.0	99
4/19/2024	11:18:48 	10.915	0.0000990	0.0000002	0.1235215	0.0005542	19.6	34.0	99
4/19/2024	11:19:10 	11.048	0.0001010	0.0000001	0.1260127	0.0007460	19.6	34.0	100
4/19/2024	11:19:32 	11.166	0.0001021	0.0000003	0.1272371	0.0005352	19.6	34.0	98
4/19/2024	11:19:54 	11.289	0.0001033	0.0000004	0.1287090	0.0008230	19.6	34.0	99
4/19/2024	11:20:15 	11.417	0.0001048	0.0000005	0.1304401	0.0007707	19.6	34.0	97
4/19/2024	11:20:37 	11.560	0.0001057	0.0000005	0.1320782	0.0008349	19.6	34.0	98
4/19/2024	11:20:59 	11.692	0.0001077	0.0000006	0.1343273	0.0008352	19.6	34.0	100
4/19/2024	11:21:21 	11.812	0.0001087	0.0000006	0.1356244	0.0007346	19.6	34.0	100
4/19/2024	11:21:43 	11.927	0.0001104	0.0000005	0.1375613	0.0009884	19.6	34.0	100
4/19/2024	11:22:05 	12.058	0.0001115	0.0000009	0.1385683	0.0015587	19.6	34.0	100
4/19/2024	11:22:27 	12.183	0.0001124	0.0000006	0.1400996	0.0010384	19.6	34.0	100
4/19/2024	11:22:49 	12.286	0.0001139	0.0000007	0.1421064	0.0012115	19.6	34.0	99
4/19/2024	11:23:10 	12.396	0.0001153	0.0000005	0.1433985	0.0008719	19.6	34.0	100
4/19/2024	11:23:32 	12.526	0.0001170	0.0000007	0.1460450	0.0010813	19.6	34.0	97
4/19/2024	11:23:54 	12.652	0.0001181	0.0000007	0.1475699	0.0011908	19.6	34.0	100
4/19/2024	11:24:16 	12.778	0.0001194	0.0000008	0.1491642	0.0012602	19.6	34.0	100
4/19/2024	11:24:38 	12.917	0.0001203	0.0000004	0.1496282	0.0007994	19.6	34.0	98
4/19/2024	11:25:00 	12.989	0.0001213	0.0000005	0.1511961	0.0009292	19.6	34.0	96
4/19/2024	11:25:22 	13.125	0.0001225	0.0000005	0.1525809	0.0007128	19.6	34.0	100
4/19/2024	11:25:44 	13.230	0.0001234	0.0000005	0.1536191	0.0003926	19.6	34.0	100
4/19/2024	11:26:06 	13.356	0.0001248	0.0000008	0.1550937	0.0008442	19.6	34.0	99
4/19/2024	11:26:27 	13.489	0.0001263	0.0000004	0.1572118	0.0005529	19.6	34.0	100
4/19/2024	11:26:49 	13.609	0.0001272	0.0000006	0.1582164	0.0009560	19.6	34.0	100
4/19/2024	11:27:11 	13.732	0.0001289	0.0000010	0.1605572	0.0012695	19.6	34.0	100
4/19/2024	11:27:33 	13.872	0.0001303	0.0000005	0.1623676	0.0008943	19.6	34.0	100
4/19/2024	11:27:55 	14.016	0.0001314	0.0000006	0.1630074	0.0010338	19.6	34.0	98
4/19/2024	11:28:17 	14.139	0.0001330	0.0000008	0.1654639	0.0010385	19.6	34.0	98
4/19/2024	11:28:39 	14.242	0.0001340	0.0000008	0.1667487	0.0011940	19.6	34.0	100
4/19/2024	11:29:01 	14.358	0.0001358	0.0000007	0.1688898	0.0009951	19.6	34.0	96
4/19/2024	11:29:22 	14.456	0.0001370	0.0000008	0.1697006	0.0011522	19.6	34.0	96
4/19/2024	11:29:44 	14.595	0.0001381	0.0000006	0.1713573	0.0009056	19.6	34.0	100
4/19/2024	11:30:06 	14.725	0.0001398	0.0000009	0.1733461	0.0016407	19.6	34.0	100
4/19/2024	11:30:28 	14.861	0.0001406	0.0000007	0.1738765	0.0011790	19.6	34.0	100
4/19/2024	11:30:50 	14.957	0.0001416	0.0000008	0.1757213	0.0013346	19.6	34.0	100
4/19/2024	11:31:12 	15.097	0.0001428	0.0000009	0.1771255	0.0017392	19.6	34.0	99
4/19/2024	11:31:34 	15.211	0.0001441	0.0000011	0.1786560	0.0013946	19.6	34.0	99
4/19/2024	11:31:56 	15.306	0.0001453	0.0000008	0.1795074	0.0012413	19.6	34.0	99
4/19/2024	11:32:18 	15.428	0.0001464	0.0000007	0.1808223	0.0011613	19.6	34.0	100
4/19/2024	11:32:39 	15.577	0.0001475	0.0000007	0.1821402	0.0012661	19.6	34.0	98
4/19/2024	11:33:01 	15.658	0.0001491	0.0000004	0.1846253	0.0005619	19.6	34.0	97
4/19/2024	11:33:23 	15.790	0.0001498	0.0000005	0.1850477	0.0006131	19.6	34.0	99
4/19/2024	11:33:45 	15.899	0.0001512	0.0000004	0.1866351	0.0005469	19.6	34.0	95
4/19/2024	11:34:07 	16.020	0.0001526	0.0000005	0.1880373	0.0010613	19.6	34.0	99
4/19/2024	11:34:29 	16.132	0.0001533	0.0000009	0.1891422	0.0015582	19.6	34.0	100
4/19/2024	11:34:51 	16.246	0.0001550	0.0000007	0.1911357	0.0009255	19.6	34.0	100
4/19/2024	11:35:13 	16.367	0.0001562	0.0000004	0.1924149	0.0005503	19.6	34.0	100
4/19/2024	11:35:34 	16.510	0.0001579	0.0000004	0.1943673	0.0008663	19.6	34.0	100
4/19/2024	11:35:56 	16.615	0.0001592	0.0000004	0.1962048	0.0008887	19.6	34.0	100
4/19/2024	11:36:18 	16.754	0.0001602	0.0000004	0.1975209	0.0006152	19.6	34.0	98
4/19/2024	11:36:40 	16.857	0.0001612	0.0000006	0.1992790	0.0011416	19.6	34.0	100
4/19/2024	11:37:02 	17.006	0.0001629	0.0000006	0.2017678	0.0010857	19.6	34.0	95
4/19/2024	11:37:24 	17.098	0.0001641	0.0000006	0.2035798	0.0012640	19.6	34.0	96
4/19/2024	11:37:46 	17.224	0.0001652	0.0000005	0.2047075	0.0010742	19.6	34.0	100
4/19/2024	11:38:08 	17.392	0.0001668	0.0000005	0.2065917	0.0010357	19.6	34.0	96
4/19/2024	11:38:30 	17.489	0.0001688	0.0000004	0.2096153	0.0006919	19.6	34.0	100
4/19/2024	11:38:51 	17.605	0.0001693	0.0000004	0.2098288	0.0008472	19.6	34.0	100
4/19/2024	11:39:13 	17.697	0.0001717	0.0000004	0.2131011	0.0006201	19.6	34.0	100
4/19/2024	11:39:35 	17.824	0.0001728	0.0000003	0.2141588	0.0007220	19.6	34.0	100
4/19/2024	11:39:57 	17.944	0.0001738	0.0000003	0.2167380	0.0006237	19.6	34.0	99
4/19/2024	11:40:19 	18.059	0.0001754	0.0000005	0.2183362	0.0004815	19.6	34.0	98
4/19/2024	11:40:41 	18.194	0.0001768	0.0000005	0.2206361	0.0008027	19.6	34.0	99
4/19/2024	11:41:03 	18.279	0.0001782	0.0000006	0.2219333	0.0008958	19.6	34.0	98
4/19/2024	11:41:25 	18.399	0.0001798	0.0000008	0.2236965	0.0012850	19.6	34.0	100
4/19/2024	11:41:47 	18.539	0.0001807	0.0000005	0.2247174	0.0005938	19.6	34.0	98
4/19/2024	11:42:08 	18.650	0.0001822	0.0000005	0.2263046	0.0009517	19.6	34.0	99
4/19/2024	11:42:30 	18.774	0.0001837	0.0000007	0.2287302	0.0011670	19.6	34.0	100
4/19/2024	11:42:52 	18.925	0.0001852	0.0000005	0.2302620	0.0010389	19.6	34.0	99
4/19/2024	11:43:14 	19.061	0.0001869	0.0000010	0.2326963	0.0015095	19.6	34.0	100
4/19/2024	11:43:36 	19.217	0.0001886	0.0000007	0.2340666	0.0012031	19.6	34.0	100
4/19/2024	11:43:58 	19.328	0.0001900	0.0000010	0.2362371	0.0017204	19.6	34.0	100
4/19/2024	11:44:20 	19.456	0.0001916	0.0000008	0.2383537	0.0012578	19.6	34.0	100
4/19/2024	11:44:42 	19.546	0.0001915	0.0000011	0.2370852	0.0017728	19.6	34.0	100
4/19/2024	11:45:04 	19.703	0.0001951	0.0000015	0.2427046	0.0023292	19.6	34.0	99
4/19/2024	11:45:25 	19.806	0.0001949	0.0000011	0.2429833	0.0017278	19.6	34.0	100
4/19/2024	11:45:47 	19.961	0.0001975	0.0000022	0.2456648	0.0030855	19.6	34.0	100
4/19/2024	11:46:09 	20.118	0.0001978	0.0000012	0.2458100	0.0017476	19.6	34.0	97
4/19/2024	11:46:31 	20.238	0.0001991	0.0000015	0.2473406	0.0022699	19.6	34.0	96
4/19/2024	11:46:53 	20.349	0.0001996	0.0000015	0.2479897	0.0020776	19.6	34.0	100
4/19/2024	11:47:15 	20.484	0.0002004	0.0000017	0.2485670	0.0027293	19.6	34.0	100
4/19/2024	11:47:37 	20.607	0.0002020	0.0000010	0.2516237	0.0020557	19.6	34.0	100
4/19/2024	11:47:59 	20.753	0.0002026	0.0000012	0.2511763	0.0018761	19.6	34.0	100
4/19/2024	11:48:21 	20.897	0.0002023	0.0000012	0.2493124	0.0015580	19.6	34.0	100
4/19/2024	11:48:42 	20.975	0.0002011	0.0000010	0.2481584	0.0014694	19.6	34.0	100
4/19/2024	11:49:04 	21.067	0.0002008	0.0000016	0.2462537	0.0028914	19.6	34.0	98
4/19/2024	11:49:26 	21.140	0.0002015	0.0000015	0.2475118	0.0025708	19.6	34.0	98
4/19/2024	11:49:48 	21.269	0.0002026	0.0000011	0.2491196	0.0013560	19.6	34.0	100
4/19/2024	11:50:10 	21.350	0.0002035	0.0000010	0.2508125	0.0011714	19.6	34.0	100
4/19/2024	11:50:32 	21.503	0.0002043	0.0000014	0.2518634	0.0017907	19.6	34.0	98
4/19/2024	11:50:54 	21.638	0.0002053	0.0000013	0.2530335	0.0019619	19.6	34.0	96
4/19/2024	11:51:16 	21.752	0.0002068	0.0000011	0.2543171	0.0014425	19.6	34.0	99
4/19/2024	11:51:37 	21.873	0.0002082	0.0000009	0.2558109	0.0013354	19.6	34.0	100
4/19/2024	11:51:59 	21.995	0.0002087	0.0000007	0.2567818	0.0015809	19.6	34.0	100
4/19/2024	11:52:21 	22.121	0.0002104	0.0000009	0.2578933	0.0013295	19.6	34.0	100
4/19/2024	11:52:43 	22.226	0.0002119	0.0000010	0.2601533	0.0015481	19.6	34.0	100
4/19/2024	11:53:05 	22.328	0.0002124	0.0000007	0.2605246	0.0010023	19.6	34.0	100
4/19/2024	11:53:27 	22.463	0.0002131	0.0000008	0.2617688	0.0012373	19.6	34.0	100
4/19/2024	11:53:49 	22.584	0.0002159	0.0000019	0.2652526	0.0029032	19.6	34.0	99
4/19/2024	11:54:11 	22.681	0.0002174	0.0000015	0.2671046	0.0022075	19.6	34.0	100
4/19/2024	11:54:33 	22.832	0.0002172	0.0000014	0.2660849	0.0020481	19.6	34.0	97
4/19/2024	11:54:54 	22.953	0.0002181	0.0000009	0.2678353	0.0015262	19.6	34.0	96
4/19/2024	11:55:16 	23.073	0.0002199	0.0000012	0.2702639	0.0014252	19.6	34.0	98
4/19/2024	11:55:38 	23.199	0.0002211	0.0000007	0.2713310	0.0022612	19.6	34.0	99
4/19/2024	11:56:00 	23.301	0.0002246	0.0000012	0.2765030	0.0014416	19.6	34.0	100
4/19/2024	11:56:22 	23.444	0.0002261	0.0000007	0.2786770	0.0013532	19.6	34.0	100
4/19/2024	11:56:44 	23.545	0.0002273	0.0000010	0.2806808	0.0017566	19.6	34.0	100
4/19/2024	11:57:06 	23.689	0.0002289	0.0000011	0.2831266	0.0019805	19.6	34.0	100
4/19/2024	11:57:28 	23.764	0.0002308	0.0000008	0.2843778	0.0011573	19.6	34.0	99
4/19/2024	11:57:49 	23.901	0.0002345	0.0000022	0.2894975	0.0032913	19.6	34.0	100
4/19/2024	11:58:11 	24.040	0.0002343	0.0000011	0.2889136	0.0020377	19.6	34.0	100
4/19/2024	11:58:33 	24.158	0.0002353	0.0000009	0.2900235	0.0019847	19.6	34.0	98
4/19/2024	11:58:55 	24.269	0.0002362	0.0000008	0.2920350	0.0013797	19.6	34.0	99
4/19/2024	11:59:17 	24.357	0.0002375	0.0000009	0.2919524	0.0043626	19.6	34.0	97
4/19/2024	11:59:39 	24.529	0.0002393	0.0000013	0.2969861	0.0026641	19.6	34.0	99
4/19/2024	12:00:01 	24.679	0.0002416	0.0000028	0.2995454	0.0056869	19.6	34.0	100
4/19/2024	12:00:23 	24.770	0.0002431	0.0000023	0.3001173	0.0041868	19.6	34.0	100
4/19/2024	12:00:44 	24.909	0.0002446	0.0000014	0.3025798	0.0029733	19.6	34.0	100
4/19/2024	12:01:06 	25.031	0.0002434	0.0000016	0.2992488	0.0028143	19.6	34.0	100
4/19/2024	12:01:28 	25.155	0.0002446	0.0000027	0.3016369	0.0038122	19.6	34.0	100
4/19/2024	12:01:50 	25.267	0.0002450	0.0000022	0.2999970	0.0042379	19.6	34.0	100
4/19/2024	12:02:12 	25.377	0.0002497	0.0000007	0.3085637	0.0016766	19.6	34.0	100
4/19/2024	12:02:34 	25.500	0.0002504	0.0000008	0.3093301	0.0011614	19.6	34.0	99
4/19/2024	12:02:56 	25.595	0.0002515	0.0000007	0.3110606	0.0009525	19.6	34.0	97
4/19/2024	12:03:18 	25.697	0.0002527	0.0000007	0.3128926	0.0009473	19.6	34.0	98
4/19/2024	12:03:40 	25.852	0.0002541	0.0000008	0.3148183	0.0014766	19.6	34.0	99
4/19/2024	12:04:01 	25.967	0.0002556	0.0000007	0.3161812	0.0009174	19.6	34.0	96
4/19/2024	12:04:23 	26.094	0.0002574	0.0000009	0.3183249	0.0010547	19.6	34.0	100
4/19/2024	12:04:45 	26.228	0.0002587	0.0000005	0.3203338	0.0007684	19.6	34.0	100
4/19/2024	12:05:07 	26.422	0.0002604	0.0000006	0.3223378	0.0010571	19.6	34.0	100
4/19/2024	12:05:29 	26.509	0.0002612	0.0000008	0.3235527	0.0012567	19.6	34.0	100
4/19/2024	12:05:51 	26.659	0.0002621	0.0000007	0.3245955	0.0013672	19.6	34.0	100
4/19/2024	12:06:13 	26.747	0.0002644	0.0000008	0.3270181	0.0010980	19.6	34.0	100
4/19/2024	12:06:35 	26.880	0.0002650	0.0000018	0.3271361	0.0023572	19.6	34.0	99
4/19/2024	12:06:56 	27.057	0.0002661	0.0000008	0.3292555	0.0011732	19.6	34.0	100
4/19/2024	12:07:18 	27.174	0.0002662	0.0000016	0.3285758	0.0026136	19.6	34.0	100
4/19/2024	12:07:40 	27.295	0.0002672	0.0000016	0.3290506	0.0025474	19.6	34.0	95
4/19/2024	12:08:02 	27.390	0.0002677	0.0000015	0.3298438	0.0021436	19.6	34.0	96
4/19/2024	12:08:24 	27.566	0.0002699	0.0000021	0.3321333	0.0032019	19.6	34.0	100
4/19/2024	12:08:46 	27.651	0.0002685	0.0000021	0.3319774	0.0033475	19.6	34.0	100
4/19/2024	12:09:08 	27.807	0.0002689	0.0000028	0.3308879	0.0039559	19.6	34.0	100
4/19/2024	12:09:30 	27.944	0.0002704	0.0000027	0.3326852	0.0038942	19.6	34.0	100
4/19/2024	12:09:52 	28.052	0.0002724	0.0000025	0.3350698	0.0037890	19.6	34.0	100
4/19/2024	12:10:13 	28.176	0.0002740	0.0000017	0.3381389	0.0027550	19.6	34.0	99
4/19/2024	12:10:35 	28.294	0.0002744	0.0000026	0.3378903	0.0044362	19.6	34.0	97
4/19/2024	12:10:57 	28.430	0.0002764	0.0000018	0.3408191	0.0025353	19.7	34.0	100
4/19/2024	12:11:19 	28.567	0.0002767	0.0000017	0.3401079	0.0024631	19.7	34.0	100
4/19/2024	12:11:41 	28.699	0.0002788	0.0000017	0.3430865	0.0022123	19.7	34.0	100
4/19/2024	12:12:03 	28.792	0.0002793	0.0000028	0.3424958	0.0050034	19.7	34.0	98
4/19/2024	12:12:25 	28.946	0.0002804	0.0000024	0.3451408	0.0036241	19.7	34.0	95
4/19/2024	12:12:47 	29.036	0.0002825	0.0000018	0.3476917	0.0024546	19.6	34.0	100
4/19/2024	12:13:08 	29.175	0.0002828	0.0000033	0.3485489	0.0045527	19.6	34.0	100
4/19/2024	12:13:30 	29.258	0.0002860	0.0000027	0.3513507	0.0036689	19.6	34.0	100
4/19/2024	12:13:52 	29.436	0.0002861	0.0000032	0.3497434	0.0058931	19.6	34.0	100
4/19/2024	12:14:14 	29.487	0.0002881	0.0000016	0.3538806	0.0025184	19.6	34.0	100
4/19/2024	12:14:36 	29.580	0.0002900	0.0000012	0.3552968	0.0017349	19.6	34.0	100
4/19/2024	12:14:58 	29.794	0.0002921	0.0000007	0.3580934	0.0015758	19.6	34.0	100
4/19/2024	12:15:20 	29.921	0.0002936	0.0000009	0.3608671	0.0023784	19.6	34.0	99
4/19/2024	12:15:42 	29.950	0.0002950	0.0000011	0.3623101	0.0022245	19.6	34.0	97
4/19/2024	12:16:03 	30.157	0.0002943	0.0000011	0.3615508	0.0017338	19.6	34.0	99
4/19/2024	12:16:25 	30.283	0.0002968	0.0000009	0.3651964	0.0012763	19.6	34.0	100
4/19/2024	12:16:47 	30.432	0.0002985	0.0000005	0.3681790	0.0006670	19.6	34.0	97
4/19/2024	12:17:09 	30.555	0.0003004	0.0000011	0.3705085	0.0013474	19.6	34.0	100
4/19/2024	12:17:31 	30.699	0.0003027	0.0000013	0.3734188	0.0010832	19.6	34.0	100
4/19/2024	12:17:53 	30.764	0.0003024	0.0000020	0.3727020	0.0031266	19.6	34.0	100
4/19/2024	12:18:15 	30.870	0.0003047	0.0000015	0.3747104	0.0027395	19.7	34.0	98
4/19/2024	12:18:37 	31.009	0.0003066	0.0000014	0.3743800	0.0033186	19.7	34.0	99
4/19/2024	12:18:59 	31.104	0.0003092	0.0000005	0.3774963	0.0011717	19.7	34.0	100
4/19/2024	12:19:20 	31.214	0.0003112	0.0000007	0.3796317	0.0021908	19.7	34.0	98
4/19/2024	12:19:42 	31.352	0.0003124	0.0000009	0.3795682	0.0028681	19.7	34.0	100
4/19/2024	12:20:04 	31.457	0.0003146	0.0000012	0.3825572	0.0028162	19.6	34.0	100
4/19/2024	12:20:26 	31.481	0.0003186	0.0000014	0.3903189	0.0031315	19.6	34.0	98
4/19/2024	12:20:48 	31.678	0.0003187	0.0000008	0.3898122	0.0021433	19.6	34.0	97
4/19/2024	12:21:10 	31.885	0.0003190	0.0000007	0.3907295	0.0016683	19.6	34.0	100
4/19/2024	12:21:32 	31.974	0.0003185	0.0000013	0.3893454	0.0034262	19.6	34.0	100
4/19/2024	12:21:54 	32.075	0.0003187	0.0000017	0.3904131	0.0030218	19.6	34.0	100
4/19/2024	12:22:15 	32.251	0.0003196	0.0000013	0.3933124	0.0013690	19.6	34.0	100
4/19/2024	12:22:37 	32.303	0.0003210	0.0000012	0.3967427	0.0016133	19.6	34.0	100
4/19/2024	12:22:59 	32.465	0.0003228	0.0000003	0.3988111	0.0016172	19.6	34.0	99
4/19/2024	12:23:21 	32.571	0.0003227	0.0000024	0.4002744	0.0027266	19.6	34.0	100
4/19/2024	12:23:43 	32.683	0.0003242	0.0000023	0.4038398	0.0026367	19.5	34.0	100
4/19/2024	12:24:05 	32.745	0.0003271	0.0000008	0.4071819	0.0017214	19.5	34.0	98
4/19/2024	12:24:27 	32.924	0.0003283	0.0000009	0.4103875	0.0015152	19.5	34.0	98
4/19/2024	12:24:49 	32.892	0.0003299	0.0000013	0.4134936	0.0013482	19.5	34.0	98
4/19/2024	12:25:11 	32.954	0.0003310	0.0000028	0.4170192	0.0030643	19.5	34.0	100
4/19/2024	12:25:32 	33.232	0.0003354	0.0000020	0.4207564	0.0029522	19.4	34.0	100
4/19/2024	12:25:54 	33.293	0.0003364	0.0000025	0.4234436	0.0026132	19.4	34.0	100
4/19/2024	12:26:16 	33.501	0.0003403	0.0000026	0.4262670	0.0039820	19.4	34.0	100
4/19/2024	12:26:38 	33.590	0.0003405	0.0000022	0.4265816	0.0034701	19.4	34.0	100
4/19/2024	12:27:00 	33.602	0.0003416	0.0000014	0.4287124	0.0031520	19.4	34.0	99
4/19/2024	12:27:22 	33.783	0.0003428	0.0000016	0.4315744	0.0020939	19.2	34.0	100
4/19/2024	12:27:44 	33.972	0.0003456	0.0000019	0.4352934	0.0038125	19.2	34.0	100
4/19/2024	12:28:06 	34.076	0.0003468	0.0000016	0.4354736	0.0025874	19.2	34.0	100
4/19/2024	12:28:27 	34.241	0.0003435	0.0000027	0.4291004	0.0025842	19.2	34.0	98
4/19/2024	12:28:49 	34.378	0.0003449	0.0000016	0.4307603	0.0017807	19.2	34.0	99
4/19/2024	12:29:11 	34.510	0.0003469	0.0000013	0.4340486	0.0015500	19.1	35.0	99
4/19/2024	12:29:33 	34.555	0.0003479	0.0000013	0.4334498	0.0017495	19.1	35.0	96
4/19/2024	12:29:55 	34.681	0.0003492	0.0000013	0.4319371	0.0020295	19.1	35.0	99
4/19/2024	12:30:17 	34.778	0.0003495	0.0000018	0.4301964	0.0012845	19.1	35.0	100
4/19/2024	12:30:39 	34.885	0.0003471	0.0000036	0.4268062	0.0032814	19.1	35.0	100
4/19/2024	12:31:01 	35.036	0.0003445	0.0000034	0.4235660	0.0026865	19.0	35.0	100
4/19/2024	12:31:22 	35.149	0.0003450	0.0000029	0.4198218	0.0027822	19.0	35.0	100
4/19/2024	12:31:44 	35.312	0.0003465	0.0000025	0.4189528	0.0032639	19.0	35.0	100
4/19/2024	12:32:06 	35.414	0.0003499	0.0000044	0.4199308	0.0048189	19.0	35.0	98
4/19/2024	12:32:28 	35.560	0.0003516	0.0000039	0.4244967	0.0046307	19.0	35.0	100
4/19/2024	12:32:50 	35.688	0.0003552	0.0000032	0.4299279	0.0036872	18.8	35.0	100
4/19/2024	12:33:12 	35.838	0.0003588	0.0000008	0.4352366	0.0008279	18.8	35.0	98
4/19/2024	12:33:34 	35.891	0.0003604	0.0000019	0.4362346	0.0020335	18.8	35.0	97
4/19/2024	12:33:56 	35.938	0.0003611	0.0000021	0.4352693	0.0026010	18.8	35.0	98
4/19/2024	12:34:18 	36.089	0.0003623	0.0000020	0.4427395	0.0037702	18.8	35.0	100
4/19/2024	12:34:39 	36.187	0.0003601	0.0000031	0.4416575	0.0053489	18.8	35.0	100
4/19/2024	12:35:01 	36.317	0.0003593	0.0000028	0.4411252	0.0048718	18.8	35.0	99
4/19/2024	12:35:23 	36.497	0.0003616	0.0000026	0.4456332	0.0034000	18.8	35.0	100
4/19/2024	12:35:45 	36.616	0.0003627	0.0000022	0.4471925	0.0034965	18.8	35.0	100
4/19/2024	12:36:07 	36.814	0.0003662	0.0000022	0.4530668	0.0020467	18.8	35.0	99
4/19/2024	12:36:29 	36.939	0.0003678	0.0000021	0.4548986	0.0016419	18.8	35.0	100
4/19/2024	12:36:51 	37.034	0.0003697	0.0000012	0.4567710	0.0016383	18.8	35.0	100
4/19/2024	12:37:13 	37.174	0.0003713	0.0000009	0.4594737	0.0013197	18.8	35.0	98
4/19/2024	12:37:34 	37.295	0.0003718	0.0000034	0.4596095	0.0045473	18.8	35.0	96
4/19/2024	12:37:56 	37.394	0.0003754	0.0000040	0.4617829	0.0054937	18.8	35.0	98
4/19/2024	12:38:18 	37.517	0.0003747	0.0000042	0.4615830	0.0082423	18.8	35.0	100
4/19/2024	12:38:40 	37.573	0.0003694	0.0000069	0.4527485	0.0103756	18.8	35.0	100
4/19/2024	12:39:02 	37.742	0.0003761	0.0000043	0.4617277	0.0081537	18.8	35.0	100
4/19/2024	12:39:24 	37.757	0.0003770	0.0000060	0.4615773	0.0114178	18.8	35.0	100
4/19/2024	12:39:46 	37.938	0.0003811	0.0000031	0.4682722	0.0049158	18.8	35.0	100
4/19/2024	12:40:08 	38.104	0.0003835	0.0000018	0.4718485	0.0058579	18.8	35.0	99
4/19/2024	12:40:30 	38.247	0.0003850	0.0000008	0.4737563	0.0030551	18.8	35.0	100
4/19/2024	12:40:51 	38.266	0.0003866	0.0000006	0.4773198	0.0017137	18.8	35.0	100
4/19/2024	12:41:13 	38.448	0.0003873	0.0000023	0.4762992	0.0069096	18.8	35.0	98
4/19/2024	12:41:35 	38.534	0.0003866	0.0000056	0.4750272	0.0080727	18.8	35.0	100
4/19/2024	12:41:57 	38.628	0.0003876	0.0000050	0.4725832	0.0116618	18.9	35.0	100
4/19/2024	12:42:19 	38.842	0.0003843	0.0000091	0.4688679	0.0163263	18.9	35.0	96
4/19/2024	12:42:41 	38.771	0.0003836	0.0000085	0.4608392	0.0160985	18.9	35.0	96
4/19/2024	12:43:03 	39.017	0.0003847	0.0000093	0.4696953	0.0165978	18.9	35.0	100
4/19/2024	12:43:25 	39.130	0.0003888	0.0000102	0.4721230	0.0180137	18.9	35.0	100
4/19/2024	12:43:46 	39.217	0.0003884	0.0000086	0.4705436	0.0152337	19.0	35.0	99
4/19/2024	12:44:08 	39.315	0.0003978	0.0000040	0.4843686	0.0079779	19.0	35.0	100
4/19/2024	12:44:30 	39.485	0.0003958	0.0000098	0.4855022	0.0149608	19.0	35.0	100
4/19/2024	12:44:52 	39.590	0.0004001	0.0000056	0.4889667	0.0079936	19.0	35.0	100
4/19/2024	12:45:14 	39.653	0.0003967	0.0000098	0.4843405	0.0155521	19.0	35.0	98
4/19/2024	12:45:36 	39.877	0.0004011	0.0000072	0.4872398	0.0142463	19.0	35.0	100
4/19/2024	12:45:58 	40.031	0.0004057	0.0000005	0.4993512	0.0009977	19.0	35.0	100
4/19/2024	12:46:20 	40.092	0.0004065	0.0000010	0.5006787	0.0017614	19.0	35.0	97
4/19/2024	12:46:41 	40.225	0.0004044	0.0000069	0.4990720	0.0083735	19.0	35.0	98
4/19/2024	12:47:03 	40.205	0.0004042	0.0000078	0.4987091	0.0100001	19.0	35.0	100
4/19/2024	12:47:25 	40.495	0.0004100	0.0000003	0.5037407	0.0003534	19.0	35.0	100
4/19/2024	12:47:47 	40.591	0.0004113	0.0000005	0.5049727	0.0011034	19.0	35.0	100
4/19/2024	12:48:09 	40.654	0.0004122	0.0000016	0.5072764	0.0018281	19.0	35.0	100
4/19/2024	12:48:31 	40.734	0.0004149	0.0000006	0.5104668	0.0008421	19.0	35.0	100
4/19/2024	12:48:53 	40.941	0.0004164	0.0000013	0.5121614	0.0035659	19.0	35.0	100
4/19/2024	12:49:15 	41.051	0.0004165	0.0000021	0.5120680	0.0044315	19.1	35.0	100
4/19/2024	12:49:37 	41.186	0.0004189	0.0000015	0.5150720	0.0023196	19.1	35.0	99
4/19/2024	12:49:58 	41.358	0.0004193	0.0000016	0.5168494	0.0028422	19.1	35.0	98
4/19/2024	12:50:20 	41.488	0.0004175	0.0000028	0.5131133	0.0058549	19.1	35.0	98
4/19/2024	12:50:42 	41.674	0.0004188	0.0000019	0.5145681	0.0023738	19.1	35.0	97
4/19/2024	12:51:04 	41.793	0.0004197	0.0000012	0.5155917	0.0016073	19.1	34.0	97
4/19/2024	12:51:26 	41.929	0.0004210	0.0000006	0.5169000	0.0010530	19.1	34.0	100
4/19/2024	12:51:48 	42.039	0.0004220	0.0000009	0.5178951	0.0015206	19.1	34.0	99
