12/4/2023	4:51:53 A	0.000	0.0000000	0.0000000	0.0000004	0.0000002	21.2	32.0	100
12/4/2023	4:53:05 A	200.000	0.0000030	0.0000000	0.0038337	0.0000150	21.2	32.0	100
12/4/2023	4:54:17 A	215.051	0.0000200	0.0000000	0.0307547	0.0000964	21.2	32.0	100
12/4/2023	4:55:29 A	223.856	0.0000430	0.0000000	0.0645430	0.0002375	21.2	32.0	100
12/4/2023	4:56:41 A	230.103	0.0000750	0.0000000	0.1144474	0.0003701	21.2	32.0	98
12/4/2023	4:57:53 A	234.949	0.0001060	0.0000000	0.1631181	0.0001510	21.2	32.0	100
12/4/2023	4:59:04 A	238.908	0.0001377	0.0000004	0.2142074	0.0004704	21.2	32.0	100
12/4/2023	5:00:16 A	242.255	0.0001676	0.0000004	0.2607791	0.0007582	21.2	32.0	98
12/4/2023	5:01:28 A	245.154	0.0001995	0.0000005	0.3113060	0.0003799	21.2	32.0	98
12/4/2023	5:02:40 A	247.712	0.0002312	0.0000004	0.3624592	0.0012230	21.2	32.0	100
12/4/2023	5:03:52 A	250.000	0.0002649	0.0000002	0.4147711	0.0005839	21.2	32.0	98
12/4/2023	5:05:04 A	252.070	0.0002900	0.0000000	0.4522837	0.0003555	21.2	32.0	100
12/4/2023	5:06:16 A	253.959	0.0003041	0.0000003	0.4734945	0.0004786	21.2	32.0	97
12/4/2023	5:07:28 A	255.697	0.0003147	0.0000004	0.4879598	0.0007135	21.2	32.0	100
12/4/2023	5:08:40 A	257.306	0.0002733	0.0000004	0.4106480	0.0003181	21.2	32.0	100
12/4/2023	5:09:52 A	258.805	0.0003005	0.0000004	0.4544589	0.0003259	21.2	32.0	97
12/4/2023	5:11:04 A	260.206	0.0003445	0.0000005	0.5216201	0.0003095	21.2	32.0	100
12/4/2023	5:12:16 A	261.522	0.0003847	0.0000004	0.5816298	0.0010862	21.2	32.0	100
12/4/2023	5:13:27 A	262.764	0.0004042	0.0000004	0.6119379	0.0005694	21.2	32.0	99
12/4/2023	5:14:39 A	263.938	0.0004090	0.0000002	0.6185417	0.0008254	21.2	32.0	100
12/4/2023	5:15:51 A	265.051	0.0004152	0.0000007	0.6267559	0.0003934	21.2	32.0	100
12/4/2023	5:17:03 A	266.111	0.0004077	0.0000087	0.6225259	0.0012064	21.2	32.0	99
12/4/2023	5:18:15 A	267.121	0.0004055	0.0000004	0.6268653	0.0006706	21.2	32.0	100
12/4/2023	5:19:27 A	268.086	0.0004120	0.0000008	0.6316120	0.0004840	21.2	32.0	100
12/4/2023	5:20:39 A	269.011	0.0004118	0.0000003	0.6293262	0.0010549	21.2	32.0	99
12/4/2023	5:21:51 A	269.897	0.0004122	0.0000004	0.6313783	0.0016403	21.2	32.0	99
12/4/2023	5:23:03 A	270.749	0.0004155	0.0000005	0.6358039	0.0004535	21.2	32.0	97
12/4/2023	5:24:15 A	271.568	0.0004199	0.0000002	0.6427420	0.0012254	21.2	32.0	100
12/4/2023	5:25:26 A	272.358	0.0004292	0.0000010	0.6561066	0.0007037	21.1	32.0	99
12/4/2023	5:26:38 A	273.120	0.0004388	0.0000004	0.6710040	0.0005990	21.1	32.0	98
12/4/2023	5:27:50 A	273.856	0.0004505	0.0000005	0.6911964	0.0009602	21.1	32.0	100
12/4/2023	5:29:02 A	274.568	0.0004682	0.0000004	0.7185590	0.0008242	21.1	32.0	100
12/4/2023	5:30:14 A	275.257	0.0004855	0.0000004	0.7435807	0.0009680	21.1	32.0	100
12/4/2023	5:31:26 A	275.926	0.0005005	0.0000009	0.7653639	0.0005096	21.2	32.0	100
12/4/2023	5:32:38 A	276.574	0.0005108	0.0000005	0.7836664	0.0011839	21.2	32.0	100
12/4/2023	5:33:50 A	277.203	0.0005209	0.0000005	0.8000577	0.0011709	21.2	32.0	100
12/4/2023	5:35:02 A	277.815	0.0005300	0.0000004	0.8146383	0.0005944	21.2	32.0	98
12/4/2023	5:36:14 A	278.410	0.0005385	0.0000005	0.8287810	0.0005221	21.2	32.0	100
12/4/2023	5:37:26 A	278.989	0.0005457	0.0000007	0.8368760	0.0012487	21.2	32.0	100
12/4/2023	5:38:38 A	279.553	0.0005544	0.0000005	0.8489942	0.0021927	21.2	32.0	100
12/4/2023	5:39:50 A	280.103	0.0005592	0.0000005	0.8587874	0.0017675	21.2	32.0	98
12/4/2023	5:41:01 A	280.639	0.0005658	0.0000008	0.8672887	0.0012526	21.2	32.0	100
12/4/2023	5:42:13 A	281.162	0.0005709	0.0000004	0.8744913	0.0013942	21.1	32.0	100
12/4/2023	5:43:25 A	281.673	0.0005761	0.0000004	0.8782735	0.0019688	21.1	32.0	96
12/4/2023	5:44:37 A	282.173	0.0005811	0.0000010	0.8878305	0.0006507	21.1	32.0	96
12/4/2023	5:45:49 A	282.661	0.0005838	0.0000004	0.8944266	0.0009041	21.1	32.0	98
12/4/2023	5:47:01 A	283.138	0.0005875	0.0000005	0.9005870	0.0013554	21.1	32.0	100
12/4/2023	5:48:13 A	283.605	0.0005901	0.0000003	0.9036724	0.0009961	21.1	32.0	97
12/4/2023	5:49:25 A	284.062	0.0005947	0.0000008	0.9110922	0.0009964	21.1	32.0	100
12/4/2023	5:50:37 A	284.510	0.0005985	0.0000005	0.9185508	0.0007225	21.1	32.0	100
12/4/2023	5:51:49 A	284.949	0.0006018	0.0000009	0.9155062	0.0012467	21.1	32.0	99
12/4/2023	5:53:00 A	285.379	0.0006036	0.0000005	0.9206785	0.0010155	21.1	32.0	96
12/4/2023	5:54:12 A	285.800	0.0006076	0.0000010	0.9281183	0.0013637	21.1	32.0	100
12/4/2023	5:55:24 A	286.214	0.0006097	0.0000006	0.9316501	0.0015073	21.1	32.0	100
12/4/2023	5:56:36 A	286.620	0.0006129	0.0000006	0.9361311	0.0018276	21.1	32.0	98
12/4/2023	5:57:48 A	287.018	0.0006151	0.0000006	0.9390912	0.0021748	21.1	32.0	100
12/4/2023	5:59:00 A	287.409	0.0006209	0.0000007	0.9480036	0.0012372	21.1	32.0	100
12/4/2023	6:00:12 A	287.794	0.0006215	0.0000005	0.9500496	0.0020772	21.2	32.0	100
12/4/2023	6:01:24 A	288.171	0.0006244	0.0000005	0.9506924	0.0014910	21.2	32.0	97
12/4/2023	6:02:36 A	288.543	0.0006287	0.0000008	0.9626708	0.0012840	21.2	32.0	100
12/4/2023	6:03:48 A	288.908	0.0006314	0.0000007	0.9666639	0.0023465	21.2	32.0	100
12/4/2023	6:05:00 A	289.266	0.0006328	0.0000008	0.9634118	0.0011868	21.1	32.0	100
12/4/2023	6:06:12 A	289.620	0.0006370	0.0000007	0.9716950	0.0023054	21.1	32.0	98
12/4/2023	6:07:24 A	289.967	0.0006378	0.0000008	0.9716874	0.0021152	21.1	32.0	100
12/4/2023	6:08:36 A	290.309	0.0006409	0.0000009	0.9744556	0.0011667	21.1	32.0	100
12/4/2023	6:09:48 A	290.646	0.0006441	0.0000009	0.9757397	0.0014789	21.1	32.0	95
12/4/2023	6:10:59 A	290.977	0.0006457	0.0000004	0.9837076	0.0010698	21.1	32.0	100
12/4/2023	6:12:11 A	291.304	0.0006476	0.0000006	0.9854022	0.0027649	21.1	32.0	99
12/4/2023	6:13:23 A	291.625	0.0006507	0.0000008	0.9877026	0.0007508	21.1	32.0	100
12/4/2023	6:14:35 A	291.942	0.0006517	0.0000008	0.9915905	0.0014353	21.1	32.0	99
12/4/2023	6:15:47 A	292.255	0.0006548	0.0000007	1.0007631	0.0026536	21.1	32.0	100
12/4/2023	6:16:59 A	292.563	0.0006563	0.0000005	0.9998372	0.0010526	21.0	32.0	98
12/4/2023	6:18:11 A	292.867	0.0006580	0.0000007	1.0063705	0.0014866	21.0	32.0	100
12/4/2023	6:19:23 A	293.166	0.0006614	0.0000011	1.0107843	0.0029284	21.0	32.0	100
12/4/2023	6:20:35 A	293.462	0.0006625	0.0000004	1.0101339	0.0022473	21.0	32.0	100
12/4/2023	6:21:47 A	293.753	0.0006666	0.0000005	1.0191987	0.0010972	21.0	32.0	100
12/4/2023	6:22:59 A	294.041	0.0006678	0.0000007	1.0217523	0.0018976	21.0	32.0	97
12/4/2023	6:24:11 A	294.325	0.0006706	0.0000008	1.0225295	0.0017993	21.0	32.0	100
12/4/2023	6:25:23 A	294.605	0.0006715	0.0000004	1.0232836	0.0007882	21.0	32.0	100
12/4/2023	6:26:34 A	294.881	0.0006728	0.0000003	1.0292560	0.0036237	21.0	32.0	97
12/4/2023	6:27:47 A	295.154	0.0006759	0.0000005	1.0356588	0.0022414	21.0	32.0	97
12/4/2023	6:28:59 A	295.424	0.0006739	0.0000008	1.0269117	0.0021454	21.0	32.0	100
12/4/2023	6:30:11 A	295.691	0.0006771	0.0000007	1.0372917	0.0014126	21.0	32.0	99
12/4/2023	6:31:23 A	295.954	0.0006782	0.0000007	1.0353723	0.0018809	21.0	32.0	97
12/4/2023	6:32:34 A	296.214	0.0006816	0.0000006	1.0429541	0.0016509	21.0	32.0	100
12/4/2023	6:33:46 A	296.471	0.0006827	0.0000005	1.0396918	0.0017698	21.0	32.0	100
12/4/2023	6:34:58 A	296.725	0.0006869	0.0000008	1.0473396	0.0010460	21.0	32.0	98
12/4/2023	6:36:10 A	296.976	0.0006895	0.0000005	1.0588122	0.0021095	21.0	32.0	100
12/4/2023	6:37:22 A	297.224	0.0006901	0.0000011	1.0584340	0.0027197	21.0	32.0	100
12/4/2023	6:38:34 A	297.470	0.0006914	0.0000005	1.0502945	0.0012008	21.0	32.0	100
12/4/2023	6:39:46 A	297.712	0.0006929	0.0000008	1.0516231	0.0016548	21.0	32.0	98
12/4/2023	6:40:58 A	297.952	0.0006949	0.0000007	1.0644410	0.0019862	21.0	32.0	100
12/4/2023	6:42:10 A	298.189	0.0006965	0.0000009	1.0613003	0.0039369	21.0	32.0	100
12/4/2023	6:43:21 A	298.424	0.0007003	0.0000014	1.0652076	0.0009018	21.0	32.0	99
12/4/2023	6:44:33 A	298.656	0.0007010	0.0000015	1.0672825	0.0021844	21.0	32.0	98
12/4/2023	6:45:45 A	298.886	0.0007013	0.0000004	1.0665074	0.0017105	21.0	32.0	100
12/4/2023	6:46:57 A	299.114	0.0007018	0.0000006	1.0686754	0.0032602	21.0	32.0	100
12/4/2023	6:48:09 A	299.339	0.0007024	0.0000006	1.0735030	0.0033740	21.0	32.0	98
12/4/2023	6:49:21 A	299.561	0.0007044	0.0000007	1.0745492	0.0025613	21.0	32.0	100
12/4/2023	6:50:33 A	299.782	0.0007069	0.0000009	1.0759020	0.0018029	21.0	32.0	100
12/4/2023	6:51:45 A	300.000	0.0007076	0.0000009	1.0767928	0.0032667	21.0	32.0	99
