12/4/2023	6:52:57 A	0.000	0.0000000	0.0000000	0.0000003	0.0000002	21.0	32.0	100
12/4/2023	6:54:09 A	200.000	0.0000030	0.0000000	0.0038888	0.0000072	21.0	32.0	99
12/4/2023	6:55:20 A	215.051	0.0000220	0.0000000	0.0340738	0.0001094	21.0	32.0	100
12/4/2023	6:56:32 A	223.856	0.0000430	0.0000000	0.0657357	0.0001604	21.0	32.0	98
12/4/2023	6:57:44 A	230.103	0.0000780	0.0000000	0.1194830	0.0001709	21.0	32.0	98
12/4/2023	6:58:56 A	234.949	0.0001082	0.0000004	0.1679097	0.0002517	21.0	32.0	100
12/4/2023	7:00:08 A	238.908	0.0001395	0.0000004	0.2185733	0.0010121	21.0	32.0	100
12/4/2023	7:01:20 A	242.255	0.0001709	0.0000001	0.2683708	0.0008697	21.0	32.0	97
12/4/2023	7:02:32 A	245.154	0.0002024	0.0000004	0.3172711	0.0010061	21.0	32.0	100
12/4/2023	7:03:44 A	247.712	0.0002345	0.0000004	0.3679056	0.0019296	21.0	32.0	100
12/4/2023	7:04:56 A	250.000	0.0002681	0.0000007	0.4181248	0.0005816	21.0	32.0	99
12/4/2023	7:06:08 A	252.070	0.0002920	0.0000001	0.4563909	0.0011402	21.0	32.0	100
12/4/2023	7:07:20 A	253.959	0.0003071	0.0000014	0.4787325	0.0014395	21.0	32.0	100
12/4/2023	7:08:32 A	255.697	0.0002639	0.0000001	0.3951882	0.0004873	21.0	32.0	99
12/4/2023	7:09:44 A	257.306	0.0002876	0.0000004	0.4295910	0.0004042	21.0	32.0	99
12/4/2023	7:10:56 A	258.805	0.0003225	0.0000005	0.4861247	0.0008532	21.0	32.0	100
12/4/2023	7:12:07 A	260.206	0.0003667	0.0000004	0.5522604	0.0009984	21.0	32.0	100
12/4/2023	7:13:19 A	261.522	0.0003950	0.0000002	0.5962988	0.0005878	21.0	32.0	100
12/4/2023	7:14:31 A	262.764	0.0004062	0.0000012	0.6126514	0.0014484	21.0	32.0	97
12/4/2023	7:15:43 A	263.938	0.0004130	0.0000006	0.6162692	0.0004920	21.0	32.0	100
12/4/2023	7:16:55 A	265.051	0.0004176	0.0000004	0.6274530	0.0006322	21.0	32.0	100
12/4/2023	7:18:07 A	266.111	0.0004237	0.0000004	0.6362909	0.0014885	21.0	32.0	99
12/4/2023	7:19:19 A	267.121	0.0004061	0.0000003	0.6226096	0.0008258	21.0	32.0	100
12/4/2023	7:20:31 A	268.086	0.0004117	0.0000004	0.6299579	0.0005425	21.0	32.0	100
12/4/2023	7:21:43 A	269.011	0.0004147	0.0000004	0.6273667	0.0004072	21.0	32.0	100
12/4/2023	7:22:55 A	269.897	0.0004146	0.0000005	0.6325546	0.0005587	21.0	32.0	97
12/4/2023	7:24:06 A	270.749	0.0004169	0.0000001	0.6344374	0.0006674	21.0	32.0	100
12/4/2023	7:25:18 A	271.568	0.0004216	0.0000006	0.6441832	0.0007770	21.0	32.0	100
12/4/2023	7:26:30 A	272.358	0.0004289	0.0000002	0.6537188	0.0005629	21.0	32.0	98
12/4/2023	7:27:42 A	273.120	0.0004406	0.0000006	0.6669684	0.0010186	21.0	32.0	100
12/4/2023	7:28:54 A	273.856	0.0004520	0.0000002	0.6910969	0.0009450	21.0	32.0	100
12/4/2023	7:30:06 A	274.568	0.0004683	0.0000004	0.7162070	0.0012763	20.9	32.0	98
12/4/2023	7:31:18 A	275.257	0.0004863	0.0000004	0.7420537	0.0009986	20.9	32.0	96
12/4/2023	7:32:30 A	275.926	0.0005023	0.0000004	0.7634547	0.0007573	20.9	32.0	100
12/4/2023	7:33:42 A	276.574	0.0005165	0.0000006	0.7891868	0.0022219	20.9	32.0	100
12/4/2023	7:34:54 A	277.203	0.0005278	0.0000004	0.8088614	0.0019437	20.9	32.0	100
12/4/2023	7:36:05 A	277.815	0.0005376	0.0000009	0.8175466	0.0016868	21.0	32.0	97
12/4/2023	7:37:17 A	278.410	0.0005460	0.0000001	0.8284857	0.0009435	21.0	32.0	100
12/4/2023	7:38:29 A	278.989	0.0005527	0.0000004	0.8432185	0.0023118	21.0	32.0	98
12/4/2023	7:39:41 A	279.553	0.0005599	0.0000002	0.8489135	0.0008990	21.0	32.0	97
12/4/2023	7:40:53 A	280.103	0.0005667	0.0000005	0.8643467	0.0021314	21.0	32.0	100
12/4/2023	7:42:05 A	280.639	0.0005719	0.0000006	0.8730132	0.0013260	21.0	32.0	100
12/4/2023	7:43:17 A	281.162	0.0005778	0.0000008	0.8771637	0.0026699	21.0	32.0	98
12/4/2023	7:44:29 A	281.673	0.0005803	0.0000005	0.8842839	0.0028708	21.0	32.0	99
12/4/2023	7:45:41 A	282.173	0.0005875	0.0000008	0.8894113	0.0018413	21.0	32.0	100
12/4/2023	7:46:53 A	282.661	0.0005875	0.0000005	0.8948549	0.0028479	21.0	32.0	100
12/4/2023	7:48:05 A	283.138	0.0005936	0.0000006	0.9049369	0.0036904	21.0	32.0	97
12/4/2023	7:49:17 A	283.605	0.0005971	0.0000015	0.9060203	0.0010757	21.0	32.0	100
12/4/2023	7:50:29 A	284.062	0.0005984	0.0000005	0.9140550	0.0005163	21.0	32.0	100
12/4/2023	7:51:40 A	284.510	0.0006018	0.0000011	0.9118525	0.0014401	21.0	32.0	100
12/4/2023	7:52:52 A	284.949	0.0006038	0.0000003	0.9185878	0.0011206	21.0	32.0	96
12/4/2023	7:54:04 A	285.379	0.0006083	0.0000013	0.9208949	0.0013330	21.0	32.0	100
12/4/2023	7:55:16 A	285.800	0.0006109	0.0000006	0.9285125	0.0017547	21.0	32.0	100
12/4/2023	7:56:28 A	286.214	0.0006143	0.0000009	0.9311478	0.0009462	21.0	32.0	98
12/4/2023	7:57:40 A	286.620	0.0006172	0.0000007	0.9432546	0.0014886	20.9	32.0	99
12/4/2023	7:58:52 A	287.018	0.0006211	0.0000008	0.9434591	0.0011787	20.9	32.0	100
12/4/2023	8:00:04 A	287.409	0.0006233	0.0000005	0.9436506	0.0011870	20.9	32.0	98
12/4/2023	8:01:16 A	287.794	0.0006248	0.0000006	0.9518732	0.0020764	20.9	32.0	100
12/4/2023	8:02:28 A	288.171	0.0006271	0.0000004	0.9577009	0.0025908	20.9	32.0	100
12/4/2023	8:03:39 A	288.543	0.0006332	0.0000010	0.9608552	0.0011128	20.9	32.0	100
12/4/2023	8:04:51 A	288.908	0.0006330	0.0000002	0.9615330	0.0023337	20.9	32.0	100
12/4/2023	8:06:03 A	289.266	0.0006374	0.0000006	0.9673269	0.0030496	20.9	32.0	96
12/4/2023	8:07:15 A	289.620	0.0006385	0.0000005	0.9688978	0.0008596	20.9	32.0	100
12/4/2023	8:08:27 A	289.967	0.0006410	0.0000001	0.9759463	0.0011130	20.9	32.0	100
12/4/2023	8:09:39 A	290.309	0.0006439	0.0000009	0.9829470	0.0017150	20.9	32.0	97
12/4/2023	8:10:51 A	290.646	0.0006461	0.0000006	0.9835727	0.0024584	20.9	32.0	100
12/4/2023	8:12:03 A	290.977	0.0006484	0.0000006	0.9862096	0.0018506	20.9	32.0	100
12/4/2023	8:13:15 A	291.304	0.0006501	0.0000005	0.9905033	0.0012221	20.9	32.0	98
12/4/2023	8:14:27 A	291.625	0.0006524	0.0000010	0.9921666	0.0013256	20.9	32.0	97
12/4/2023	8:15:38 A	291.942	0.0006546	0.0000009	1.0016636	0.0044156	20.9	32.0	100
12/4/2023	8:16:50 A	292.255	0.0006575	0.0000006	0.9979016	0.0016014	20.9	32.0	100
12/4/2023	8:18:02 A	292.563	0.0006580	0.0000006	1.0052917	0.0015686	20.9	32.0	98
12/4/2023	8:19:14 A	292.867	0.0006610	0.0000004	1.0049996	0.0011905	20.9	32.0	100
12/4/2023	8:20:26 A	293.166	0.0006642	0.0000008	1.0143412	0.0034573	20.9	32.0	100
12/4/2023	8:21:38 A	293.462	0.0006647	0.0000005	1.0094105	0.0005840	20.9	32.0	99
12/4/2023	8:22:50 A	293.753	0.0006659	0.0000006	1.0171332	0.0026147	20.9	32.0	98
12/4/2023	8:24:02 A	294.041	0.0006685	0.0000011	1.0176629	0.0014135	20.9	32.0	100
12/4/2023	8:25:14 A	294.325	0.0006722	0.0000006	1.0283315	0.0040481	20.9	32.0	99
12/4/2023	8:26:26 A	294.605	0.0006719	0.0000014	1.0295192	0.0029461	20.8	32.0	99
12/4/2023	8:27:38 A	294.881	0.0006750	0.0000005	1.0282217	0.0023969	20.8	32.0	100
12/4/2023	8:28:50 A	295.154	0.0006762	0.0000006	1.0295247	0.0016288	20.8	32.0	100
12/4/2023	8:30:02 A	295.424	0.0006782	0.0000009	1.0380388	0.0011832	20.8	32.0	98
12/4/2023	8:31:14 A	295.691	0.0006814	0.0000011	1.0376272	0.0011741	20.8	32.0	98
12/4/2023	8:32:25 A	295.954	0.0006858	0.0000007	1.0419171	0.0009360	20.8	32.0	100
12/4/2023	8:33:37 A	296.214	0.0006860	0.0000005	1.0491592	0.0019096	20.8	32.0	99
12/4/2023	8:34:49 A	296.471	0.0006838	0.0000005	1.0449828	0.0014234	20.8	32.0	98
12/4/2023	8:36:01 A	296.725	0.0006870	0.0000008	1.0461767	0.0025678	20.8	32.0	98
12/4/2023	8:37:13 A	296.976	0.0006882	0.0000007	1.0574762	0.0049198	20.8	32.0	100
12/4/2023	8:38:25 A	297.224	0.0006900	0.0000004	1.0575664	0.0023280	20.8	32.0	99
12/4/2023	8:39:37 A	297.470	0.0006932	0.0000006	1.0620153	0.0020237	20.8	32.0	100
12/4/2023	8:40:49 A	297.712	0.0006956	0.0000011	1.0574909	0.0016478	20.8	32.0	100
12/4/2023	8:42:01 A	297.952	0.0006993	0.0000007	1.0600858	0.0028509	20.8	32.0	100
12/4/2023	8:43:13 A	298.189	0.0006979	0.0000001	1.0715792	0.0018007	20.8	32.0	99
12/4/2023	8:44:24 A	298.424	0.0006989	0.0000005	1.0689609	0.0030027	20.9	32.0	98
12/4/2023	8:45:36 A	298.656	0.0007022	0.0000005	1.0708453	0.0008010	20.9	32.0	100
12/4/2023	8:46:49 A	298.886	0.0007022	0.0000004	1.0719337	0.0027162	20.9	32.0	100
12/4/2023	8:48:01 A	299.114	0.0007043	0.0000006	1.0737362	0.0024076	20.9	32.0	99
12/4/2023	8:49:12 A	299.339	0.0007066	0.0000005	1.0757091	0.0016173	20.8	32.0	96
12/4/2023	8:50:24 A	299.561	0.0007061	0.0000005	1.0738194	0.0009792	20.8	32.0	100
12/4/2023	8:51:36 A	299.782	0.0007075	0.0000006	1.0856078	0.0034690	20.8	32.0	100
12/4/2023	8:52:48 A	300.000	0.0007109	0.0000013	1.0817357	0.0017063	20.8	32.0	98
