12/16/202	23:32:13 	0.000	0.0000000	0.0000000	0.0000002	0.0000002	22.8	29.0	100
12/16/202	23:33:25 	200.000	0.0000000	0.0000000	0.0003283	0.0000011	22.8	29.0	100
12/16/202	23:34:37 	215.051	0.0000030	0.0000000	0.0046630	0.0000375	22.8	29.0	100
12/16/202	23:35:49 	223.856	0.0000100	0.0000000	0.0153972	0.0001323	22.8	29.0	99
12/16/202	23:37:01 	230.103	0.0000510	0.0000000	0.0765902	0.0003687	21.2	30.0	99
12/16/202	23:38:13 	234.949	0.0000610	0.0000000	0.0924504	0.0001829	21.2	30.0	100
12/16/202	23:39:25 	238.908	0.0000690	0.0000000	0.1053595	0.0002555	21.2	30.0	99
12/16/202	23:40:37 	242.255	0.0000910	0.0000000	0.1386119	0.0003172	21.2	30.0	100
12/16/202	23:41:49 	245.154	0.0001070	0.0000000	0.1634211	0.0001490	21.2	30.0	98
12/16/202	23:43:01 	247.712	0.0001230	0.0000000	0.1886316	0.0002203	21.2	30.0	100
12/16/202	23:44:12 	250.000	0.0001406	0.0000004	0.2180396	0.0005563	21.2	30.0	98
12/16/202	23:45:24 	252.070	0.0001600	0.0000000	0.2475026	0.0006164	21.2	30.0	99
12/16/202	23:46:36 	253.959	0.0001794	0.0000004	0.2786138	0.0004460	21.2	30.0	100
12/16/202	23:47:48 	255.697	0.0001988	0.0000019	0.3087212	0.0002310	21.2	30.0	99
12/16/202	23:49:00 	257.306	0.0002200	0.0000000	0.3415961	0.0008085	21.1	30.0	99
12/16/202	23:50:12 	258.805	0.0002420	0.0000000	0.3770440	0.0005157	21.1	30.0	100
12/16/202	23:51:24 	260.206	0.0002659	0.0000002	0.4115520	0.0004284	21.1	30.0	100
12/16/202	23:52:36 	261.522	0.0002884	0.0000005	0.4483867	0.0004582	21.1	30.0	99
12/16/202	23:53:48 	262.764	0.0003115	0.0000004	0.4810024	0.0003682	21.1	30.0	96
12/16/202	23:55:00 	263.938	0.0003192	0.0000004	0.4816459	0.0004686	21.1	30.0	100
12/16/202	23:56:12 	265.051	0.0003350	0.0000000	0.5061332	0.0005093	21.1	30.0	100
12/16/202	23:57:24 	266.111	0.0003519	0.0000002	0.5285475	0.0011828	21.1	30.0	100
12/16/202	23:58:35 	267.121	0.0003732	0.0000004	0.5620134	0.0016592	21.1	30.0	100
12/16/202	23:59:47 	268.086	0.0003921	0.0000003	0.5914644	0.0007360	21.0	30.0	100
12/17/202	0:00:59 A	269.011	0.0004127	0.0000004	0.6214178	0.0004192	21.0	30.0	100
12/17/202	0:02:11 A	269.897	0.0004275	0.0000005	0.6450552	0.0004812	21.0	30.0	98
12/17/202	0:03:23 A	270.749	0.0004379	0.0000002	0.6599939	0.0006791	21.0	30.0	100
12/17/202	0:04:35 A	271.568	0.0004458	0.0000003	0.6693562	0.0005072	21.0	30.0	100
12/17/202	0:05:47 A	272.358	0.0004483	0.0000004	0.6739717	0.0005705	21.0	30.0	100
12/17/202	0:06:58 A	273.120	0.0004513	0.0000004	0.6802279	0.0005551	21.0	30.0	95
12/17/202	0:08:10 A	273.856	0.0004544	0.0000005	0.6826127	0.0008783	21.0	30.0	100
12/17/202	0:09:22 A	274.568	0.0004570	0.0000000	0.6880952	0.0005272	21.0	30.0	100
12/17/202	0:10:34 A	275.257	0.0004600	0.0000001	0.6941628	0.0007213	21.0	30.0	100
12/17/202	0:11:46 A	275.926	0.0004629	0.0000001	0.6989394	0.0008314	21.0	30.0	100
12/17/202	0:12:58 A	276.574	0.0004662	0.0000004	0.7039102	0.0008748	21.0	30.0	100
12/17/202	0:14:10 A	277.203	0.0003918	0.0000003	0.6073616	0.0007585	21.0	30.0	100
12/17/202	0:15:22 A	277.815	0.0004005	0.0000005	0.6198100	0.0006590	21.0	30.0	96
12/17/202	0:16:34 A	278.410	0.0004079	0.0000001	0.6284193	0.0005591	21.0	30.0	100
12/17/202	0:17:45 A	278.989	0.0004155	0.0000009	0.6394860	0.0009319	21.0	30.0	100
12/17/202	0:18:58 A	279.553	0.0004246	0.0000005	0.6522688	0.0004372	21.0	30.0	97
12/17/202	0:20:09 A	280.103	0.0004315	0.0000006	0.6638528	0.0010929	21.0	30.0	100
12/17/202	0:21:21 A	280.639	0.0004417	0.0000004	0.6788816	0.0008941	21.0	30.0	99
12/17/202	0:22:33 A	281.162	0.0004527	0.0000008	0.6981839	0.0005187	21.0	30.0	99
12/17/202	0:23:45 A	281.673	0.0004643	0.0000007	0.7150879	0.0006991	21.0	30.0	100
12/17/202	0:24:57 A	282.173	0.0004787	0.0000004	0.7355170	0.0003977	21.0	30.0	100
12/17/202	0:26:09 A	282.661	0.0004898	0.0000005	0.7528138	0.0007524	21.0	30.0	99
12/17/202	0:27:21 A	283.138	0.0005009	0.0000003	0.7683700	0.0005822	21.0	30.0	100
12/17/202	0:28:33 A	283.605	0.0005099	0.0000001	0.7834690	0.0011010	21.0	30.0	99
12/17/202	0:29:45 A	284.062	0.0005171	0.0000003	0.7938866	0.0009534	21.0	30.0	100
12/17/202	0:30:56 A	284.510	0.0005237	0.0000004	0.8094685	0.0014811	21.0	30.0	100
12/17/202	0:32:08 A	284.949	0.0005309	0.0000001	0.8198668	0.0009472	21.0	30.0	97
12/17/202	0:33:20 A	285.379	0.0005348	0.0000004	0.8233827	0.0011659	21.0	30.0	100
12/17/202	0:34:32 A	285.800	0.0005421	0.0000005	0.8361766	0.0010538	21.0	30.0	100
12/17/202	0:35:44 A	286.214	0.0005454	0.0000005	0.8397904	0.0013672	21.0	30.0	99
12/17/202	0:36:56 A	286.620	0.0005527	0.0000004	0.8506500	0.0011815	21.0	30.0	100
12/17/202	0:38:08 A	287.018	0.0005570	0.0000000	0.8539585	0.0006756	21.0	30.0	100
12/17/202	0:39:20 A	287.409	0.0005584	0.0000005	0.8582683	0.0006465	21.0	30.0	100
12/17/202	0:40:31 A	287.794	0.0005625	0.0000005	0.8652561	0.0014932	21.0	30.0	100
12/17/202	0:41:43 A	288.171	0.0005648	0.0000009	0.8714484	0.0013236	21.0	30.0	100
12/17/202	0:42:55 A	288.543	0.0005705	0.0000006	0.8781444	0.0004199	21.0	30.0	100
12/17/202	0:44:07 A	288.908	0.0005720	0.0000002	0.8819903	0.0010864	21.0	30.0	98
12/17/202	0:45:19 A	289.266	0.0005756	0.0000005	0.8871331	0.0009671	21.0	30.0	100
12/17/202	0:46:31 A	289.620	0.0005788	0.0000005	0.8920729	0.0013694	20.9	30.0	100
12/17/202	0:47:43 A	289.967	0.0005821	0.0000003	0.8944427	0.0007424	20.9	30.0	100
12/17/202	0:48:55 A	290.309	0.0005851	0.0000012	0.8993209	0.0023677	20.9	30.0	100
12/17/202	0:50:06 A	290.646	0.0005874	0.0000005	0.9007498	0.0011039	20.9	30.0	100
12/17/202	0:51:18 A	290.977	0.0005916	0.0000005	0.9057713	0.0011670	20.9	30.0	98
12/17/202	0:52:30 A	291.304	0.0005942	0.0000014	0.9126365	0.0023974	20.9	30.0	100
12/17/202	0:53:42 A	291.625	0.0005956	0.0000007	0.9120640	0.0011584	20.9	30.0	96
12/17/202	0:54:54 A	291.942	0.0005983	0.0000007	0.9160680	0.0010569	20.9	30.0	100
12/17/202	0:56:06 A	292.255	0.0006005	0.0000008	0.9182102	0.0013864	20.9	30.0	100
12/17/202	0:57:18 A	292.563	0.0006043	0.0000006	0.9225372	0.0011297	20.9	30.0	100
12/17/202	0:58:30 A	292.867	0.0006073	0.0000007	0.9288344	0.0015034	20.9	30.0	97
12/17/202	0:59:41 A	293.166	0.0006087	0.0000005	0.9314584	0.0010948	20.9	30.0	100
12/17/202	1:00:54 A	293.462	0.0006112	0.0000006	0.9311280	0.0015575	20.9	30.0	100
12/17/202	1:02:06 A	293.753	0.0006142	0.0000013	0.9358880	0.0017329	20.9	30.0	100
12/17/202	1:03:17 A	294.041	0.0006140	0.0000006	0.9377578	0.0008229	20.8	30.0	100
12/17/202	1:04:29 A	294.325	0.0006195	0.0000005	0.9441332	0.0008381	20.8	30.0	100
12/17/202	1:05:41 A	294.605	0.0006206	0.0000008	0.9481392	0.0016518	20.8	30.0	100
12/17/202	1:06:53 A	294.881	0.0006212	0.0000004	0.9452763	0.0010845	20.8	30.0	96
12/17/202	1:08:05 A	295.154	0.0006247	0.0000011	0.9503540	0.0025403	20.8	30.0	100
12/17/202	1:09:17 A	295.424	0.0006250	0.0000002	0.9517192	0.0005356	20.9	30.0	100
12/17/202	1:10:29 A	295.691	0.0006282	0.0000004	0.9551948	0.0005573	20.9	30.0	99
12/17/202	1:11:41 A	295.954	0.0006295	0.0000004	0.9596182	0.0013273	20.9	30.0	100
12/17/202	1:12:52 A	296.214	0.0006322	0.0000012	0.9632017	0.0021208	20.9	30.0	100
12/17/202	1:14:04 A	296.471	0.0006316	0.0000008	0.9640206	0.0021784	20.9	30.0	100
12/17/202	1:15:16 A	296.725	0.0006374	0.0000005	0.9703953	0.0015798	20.8	30.0	98
12/17/202	1:16:28 A	296.976	0.0006371	0.0000005	0.9705510	0.0009256	20.8	30.0	100
12/17/202	1:17:40 A	297.224	0.0006396	0.0000004	0.9741310	0.0014928	20.8	30.0	100
12/17/202	1:18:52 A	297.470	0.0006388	0.0000011	0.9737082	0.0008961	20.8	30.0	99
12/17/202	1:20:04 A	297.712	0.0006420	0.0000007	0.9777113	0.0009863	20.8	30.0	98
12/17/202	1:21:16 A	297.952	0.0006429	0.0000007	0.9833757	0.0013690	20.8	30.0	100
12/17/202	1:22:28 A	298.189	0.0006435	0.0000006	0.9808325	0.0028037	20.8	30.0	99
12/17/202	1:23:39 A	298.424	0.0006463	0.0000005	0.9840164	0.0013097	20.8	30.0	98
12/17/202	1:24:51 A	298.656	0.0006501	0.0000015	0.9872995	0.0023719	20.8	30.0	100
12/17/202	1:26:03 A	298.886	0.0006474	0.0000007	0.9828755	0.0012952	20.8	30.0	99
12/17/202	1:27:15 A	299.114	0.0006525	0.0000009	0.9886785	0.0007957	20.8	30.0	100
12/17/202	1:28:27 A	299.339	0.0006516	0.0000004	0.9898451	0.0007648	20.8	30.0	97
12/17/202	1:29:39 A	299.561	0.0006530	0.0000000	0.9929418	0.0010093	20.8	30.0	100
12/17/202	1:30:51 A	299.782	0.0006544	0.0000006	0.9955810	0.0006510	20.8	30.0	99
12/17/202	1:32:03 A	300.000	0.0006554	0.0000005	0.9977959	0.0026590	20.7	30.0	100
