12/17/202	3:34:15 A	0.000	0.0000000	0.0000000	-0.000000	0.0000002	20.3	30.0	100
12/17/202	3:35:27 A	200.000	0.0000010	0.0000000	0.0019550	0.0000029	20.3	30.0	99
12/17/202	3:36:39 A	215.051	0.0000110	0.0000000	0.0161183	0.0000277	20.3	30.0	98
12/17/202	3:37:51 A	223.856	0.0000440	0.0000000	0.0666174	0.0000876	20.3	30.0	100
12/17/202	3:39:03 A	230.103	0.0000568	0.0000013	0.0860041	0.0001009	20.3	30.0	99
12/17/202	3:40:15 A	234.949	0.0000900	0.0000000	0.1374013	0.0000651	20.3	30.0	99
12/17/202	3:41:27 A	238.908	0.0001150	0.0000000	0.1763870	0.0001751	20.3	30.0	100
12/17/202	3:42:39 A	242.255	0.0001380	0.0000001	0.2134302	0.0001539	20.3	30.0	100
12/17/202	3:43:50 A	245.154	0.0001630	0.0000000	0.2529850	0.0002938	20.3	30.0	100
12/17/202	3:45:02 A	247.712	0.0001810	0.0000000	0.2804189	0.0002777	20.3	30.0	98
12/17/202	3:46:14 A	250.000	0.0002000	0.0000000	0.3098784	0.0002401	20.3	30.0	100
12/17/202	3:47:26 A	252.070	0.0002200	0.0000000	0.3418406	0.0007488	20.3	30.0	99
12/17/202	3:48:38 A	253.959	0.0002417	0.0000004	0.3750821	0.0005460	20.3	30.0	100
12/17/202	3:49:50 A	255.697	0.0002632	0.0000004	0.4080863	0.0006359	20.3	30.0	97
12/17/202	3:51:02 A	257.306	0.0002861	0.0000003	0.4433080	0.0006092	20.3	30.0	99
12/17/202	3:52:14 A	258.805	0.0003084	0.0000005	0.4763103	0.0007956	20.3	30.0	100
12/17/202	3:53:25 A	260.206	0.0002953	0.0000004	0.4427625	0.0003750	20.3	30.0	97
12/17/202	3:54:37 A	261.522	0.0003173	0.0000004	0.4750485	0.0006476	20.3	30.0	100
12/17/202	3:55:49 A	262.764	0.0003410	0.0000000	0.5096985	0.0004536	20.3	30.0	99
12/17/202	3:57:01 A	263.938	0.0003650	0.0000000	0.5462590	0.0005860	20.2	30.0	100
12/17/202	3:58:13 A	265.051	0.0003883	0.0000006	0.5836937	0.0006496	20.2	30.0	100
12/17/202	3:59:25 A	266.111	0.0004117	0.0000023	0.6180189	0.0002690	20.2	30.0	100
12/17/202	4:00:37 A	267.121	0.0004280	0.0000000	0.6415844	0.0003168	20.2	30.0	100
12/17/202	4:01:49 A	268.086	0.0004353	0.0000004	0.6523558	0.0021068	20.2	30.0	100
12/17/202	4:03:00 A	269.011	0.0004394	0.0000005	0.6558859	0.0007837	20.2	30.0	99
12/17/202	4:04:12 A	269.897	0.0004416	0.0000004	0.6585795	0.0002452	20.2	30.0	100
12/17/202	4:05:24 A	270.749	0.0004464	0.0000005	0.6655562	0.0006807	20.2	30.0	99
12/17/202	4:06:36 A	271.568	0.0004502	0.0000004	0.6715808	0.0002828	20.2	30.0	100
12/17/202	4:07:48 A	272.358	0.0004520	0.0000002	0.6767692	0.0004696	20.2	30.0	100
12/17/202	4:09:00 A	273.120	0.0004561	0.0000007	0.6810155	0.0006766	20.2	30.0	100
12/17/202	4:10:12 A	273.856	0.0004592	0.0000004	0.6873215	0.0006154	20.2	30.0	100
12/17/202	4:11:24 A	274.568	0.0004630	0.0000000	0.6938772	0.0011580	20.2	30.0	98
12/17/202	4:12:36 A	275.257	0.0003900	0.0000001	0.5975877	0.0013194	20.2	30.0	99
12/17/202	4:13:47 A	275.926	0.0003962	0.0000004	0.6100441	0.0006549	20.2	30.0	100
12/17/202	4:14:59 A	276.574	0.0004007	0.0000004	0.6142039	0.0009089	20.1	30.0	96
12/17/202	4:16:11 A	277.203	0.0004078	0.0000004	0.6262024	0.0014549	20.1	30.0	100
12/17/202	4:17:23 A	277.815	0.0004145	0.0000005	0.6377313	0.0004818	20.1	30.0	100
12/17/202	4:18:35 A	278.410	0.0004219	0.0000001	0.6491615	0.0006705	20.1	30.0	97
12/17/202	4:19:47 A	278.989	0.0004309	0.0000002	0.6624201	0.0009474	20.1	30.0	96
12/17/202	4:20:59 A	279.553	0.0004430	0.0000001	0.6796112	0.0008670	20.2	30.0	100
12/17/202	4:22:11 A	280.103	0.0004535	0.0000005	0.6953022	0.0006118	20.2	30.0	100
12/17/202	4:23:22 A	280.639	0.0004650	0.0000002	0.7088800	0.0005151	20.2	30.0	98
12/17/202	4:24:34 A	281.162	0.0004787	0.0000004	0.7278831	0.0004428	20.2	30.0	100
12/17/202	4:25:46 A	281.673	0.0004870	0.0000000	0.7410358	0.0005354	20.2	30.0	100
12/17/202	4:26:58 A	282.173	0.0004965	0.0000007	0.7547189	0.0011123	20.1	30.0	100
12/17/202	4:28:10 A	282.661	0.0005030	0.0000001	0.7707358	0.0003105	20.1	30.0	96
12/17/202	4:29:22 A	283.138	0.0005121	0.0000003	0.7784917	0.0002603	20.1	30.0	100
12/17/202	4:30:34 A	283.605	0.0005173	0.0000004	0.7914428	0.0012290	20.1	30.0	100
12/17/202	4:31:46 A	284.062	0.0005240	0.0000003	0.7988804	0.0005228	20.1	30.0	99
12/17/202	4:32:57 A	284.510	0.0005306	0.0000008	0.8052923	0.0009141	20.1	30.0	100
12/17/202	4:34:09 A	284.949	0.0005339	0.0000001	0.8148957	0.0010793	20.1	30.0	100
12/17/202	4:35:21 A	285.379	0.0005394	0.0000007	0.8194394	0.0013500	20.1	30.0	97
12/17/202	4:36:33 A	285.800	0.0005422	0.0000004	0.8288665	0.0005095	20.1	30.0	100
12/17/202	4:37:45 A	286.214	0.0005497	0.0000004	0.8459007	0.0005529	20.1	30.0	100
12/17/202	4:38:57 A	286.620	0.0005535	0.0000005	0.8492369	0.0041603	20.0	30.0	100
12/17/202	4:40:09 A	287.018	0.0005596	0.0000008	0.8626626	0.0015879	20.0	30.0	98
12/17/202	4:41:21 A	287.409	0.0005592	0.0000004	0.8588571	0.0021070	20.0	30.0	97
12/17/202	4:42:32 A	287.794	0.0005628	0.0000004	0.8637418	0.0030531	20.0	30.0	100
12/17/202	4:43:44 A	288.171	0.0005702	0.0000006	0.8761590	0.0020713	20.0	30.0	99
12/17/202	4:44:56 A	288.543	0.0005719	0.0000014	0.8770659	0.0020587	20.0	30.0	97
12/17/202	4:46:08 A	288.908	0.0005729	0.0000009	0.8808261	0.0017989	20.0	30.0	100
12/17/202	4:47:20 A	289.266	0.0005769	0.0000011	0.8861657	0.0022645	20.0	30.0	100
12/17/202	4:48:32 A	289.620	0.0005817	0.0000006	0.8953838	0.0017765	20.0	30.0	100
12/17/202	4:49:44 A	289.967	0.0005820	0.0000008	0.8906068	0.0010266	20.0	30.0	96
12/17/202	4:50:56 A	290.309	0.0005890	0.0000000	0.9063587	0.0004079	20.0	30.0	100
12/17/202	4:52:08 A	290.646	0.0005910	0.0000003	0.9067345	0.0027452	20.0	30.0	98
12/17/202	4:53:20 A	290.977	0.0005941	0.0000005	0.9110811	0.0009617	20.0	30.0	98
12/17/202	4:54:32 A	291.304	0.0005936	0.0000015	0.9113284	0.0017383	20.0	30.0	100
12/17/202	4:55:43 A	291.625	0.0005984	0.0000005	0.9177698	0.0006166	20.0	30.0	100
12/17/202	4:56:55 A	291.942	0.0006010	0.0000001	0.9225344	0.0004521	20.0	30.0	98
12/17/202	4:58:07 A	292.255	0.0006020	0.0000001	0.9250863	0.0004190	20.0	30.0	100
12/17/202	4:59:19 A	292.563	0.0006455	0.0000005	0.9864594	0.0014048	20.0	30.0	100
12/17/202	5:00:31 A	292.867	0.0006469	0.0000005	0.9901947	0.0010814	20.0	30.0	100
12/17/202	5:01:43 A	293.166	0.0006491	0.0000004	0.9943944	0.0004841	20.0	30.0	98
12/17/202	5:02:55 A	293.462	0.0006507	0.0000005	0.9988630	0.0008921	20.0	30.0	100
12/17/202	5:04:07 A	293.753	0.0006551	0.0000007	1.0036272	0.0009296	20.0	30.0	100
12/17/202	5:05:19 A	294.041	0.0006531	0.0000009	1.0022918	0.0012723	20.0	30.0	99
12/17/202	5:06:30 A	294.325	0.0006574	0.0000004	1.0072650	0.0016859	19.9	30.0	97
12/17/202	5:07:42 A	294.605	0.0006592	0.0000004	1.0102379	0.0008214	19.9	30.0	100
12/17/202	5:08:54 A	294.881	0.0006618	0.0000003	1.0134769	0.0008198	19.9	30.0	100
12/17/202	5:10:06 A	295.154	0.0006619	0.0000003	1.0110927	0.0015550	19.9	30.0	100
12/17/202	5:11:18 A	295.424	0.0006647	0.0000004	1.0198552	0.0022550	19.9	30.0	98
12/17/202	5:12:30 A	295.691	0.0006675	0.0000004	1.0219745	0.0015394	19.9	30.0	100
12/17/202	5:13:42 A	295.954	0.0006697	0.0000004	1.0252930	0.0004208	19.9	30.0	99
12/17/202	5:14:54 A	296.214	0.0006695	0.0000004	1.0248795	0.0012985	19.9	30.0	100
12/17/202	5:16:05 A	296.471	0.0006736	0.0000004	1.0310588	0.0023091	19.9	30.0	100
12/17/202	5:17:17 A	296.725	0.0006739	0.0000002	1.0323013	0.0008429	19.9	30.0	100
12/17/202	5:18:29 A	296.976	0.0006093	0.0000006	0.9322091	0.0012830	19.9	30.0	100
12/17/202	5:19:41 A	297.224	0.0006155	0.0000004	0.9361414	0.0012424	19.9	30.0	96
12/17/202	5:20:53 A	297.470	0.0006244	0.0000005	0.9514547	0.0014081	19.9	30.0	100
12/17/202	5:22:05 A	297.712	0.0006273	0.0000004	0.9576561	0.0011253	19.9	30.0	100
12/17/202	5:23:17 A	297.952	0.0006336	0.0000004	0.9689019	0.0030125	19.9	30.0	98
12/17/202	5:24:29 A	298.189	0.0006390	0.0000005	0.9763410	0.0010769	19.8	30.0	100
12/17/202	5:25:41 A	298.424	0.0006411	0.0000003	0.9793713	0.0015029	19.8	30.0	100
12/17/202	5:26:52 A	298.656	0.0006433	0.0000004	0.9836499	0.0011834	19.8	30.0	98
12/17/202	5:28:05 A	298.886	0.0006475	0.0000007	0.9889201	0.0013183	19.8	30.0	100
12/17/202	5:29:16 A	299.114	0.0006483	0.0000004	0.9865588	0.0007154	19.9	30.0	100
12/17/202	5:30:28 A	299.339	0.0006487	0.0000006	0.9897231	0.0011038	19.9	30.0	100
12/17/202	5:31:40 A	299.561	0.0006509	0.0000001	0.9915848	0.0009608	19.9	30.0	98
12/17/202	5:32:52 A	299.782	0.0006530	0.0000004	0.9938607	0.0006112	19.9	30.0	98
12/17/202	5:34:04 A	300.000	0.0006546	0.0000006	0.9985883	0.0002806	19.8	30.0	100
