12/15/202	6:36:50 A	0.000	0.0000000	0.0000000	-0.000000	0.0000002	20.8	29.0	100
12/15/202	6:37:12 A	1.421	0.0000000	0.0000000	0.0000134	0.0000002	20.7	29.0	100
12/15/202	6:37:34 A	1.428	0.0000000	0.0000000	0.0001215	0.0000002	20.7	29.0	100
12/15/202	6:37:56 A	1.491	0.0000010	0.0000000	0.0011284	0.0000002	20.7	29.0	100
12/15/202	6:38:18 A	1.501	0.0000010	0.0000000	0.0013136	0.0000004	20.7	29.0	100
12/15/202	6:38:39 A	1.521	0.0000010	0.0000000	0.0015864	0.0000005	20.7	29.0	100
12/15/202	6:39:01 A	1.551	0.0000020	0.0000000	0.0021288	0.0000339	20.7	29.0	100
12/15/202	6:39:23 A	1.692	0.0000030	0.0000000	0.0039779	0.0000961	20.7	29.0	97
12/15/202	6:39:45 A	1.797	0.0000049	0.0000001	0.0057217	0.0001374	20.7	29.0	99
12/15/202	6:40:07 A	1.910	0.0000060	0.0000000	0.0077186	0.0001482	20.7	29.0	97
12/15/202	6:40:29 A	2.029	0.0000080	0.0000000	0.0096630	0.0000936	20.7	29.0	97
12/15/202	6:40:51 A	2.153	0.0000094	0.0000005	0.0116023	0.0001392	20.7	29.0	98
12/15/202	6:41:13 A	2.267	0.0000110	0.0000000	0.0134723	0.0001355	20.7	29.0	97
12/15/202	6:41:35 A	2.383	0.0000129	0.0000002	0.0154302	0.0001155	20.7	29.0	100
12/15/202	6:41:57 A	2.501	0.0000140	0.0000002	0.0173036	0.0001738	20.7	29.0	100
12/15/202	6:42:19 A	2.609	0.0000160	0.0000000	0.0191862	0.0001584	20.7	29.0	99
12/15/202	6:42:41 A	2.728	0.0000172	0.0000004	0.0210101	0.0002083	20.7	29.0	100
12/15/202	6:43:03 A	2.844	0.0000190	0.0000001	0.0229993	0.0001999	20.7	29.0	100
12/15/202	6:43:25 A	2.973	0.0000207	0.0000004	0.0249121	0.0001861	20.7	29.0	100
12/15/202	6:43:46 A	3.083	0.0000222	0.0000004	0.0268549	0.0001622	20.7	29.0	100
12/15/202	6:44:08 A	3.197	0.0000239	0.0000001	0.0286547	0.0002007	20.7	29.0	100
12/15/202	6:44:30 A	3.310	0.0000251	0.0000003	0.0305011	0.0002282	20.7	29.0	96
12/15/202	6:44:52 A	3.434	0.0000270	0.0000000	0.0324308	0.0001702	20.7	29.0	97
12/15/202	6:45:14 A	3.547	0.0000286	0.0000004	0.0343529	0.0001540	20.7	29.0	97
12/15/202	6:45:36 A	3.667	0.0000300	0.0000000	0.0362780	0.0002041	20.7	29.0	99
12/15/202	6:45:58 A	3.785	0.0000319	0.0000002	0.0383262	0.0001754	20.7	29.0	100
12/15/202	6:46:20 A	3.905	0.0000333	0.0000004	0.0402414	0.0002809	20.7	29.0	100
12/15/202	6:46:42 A	4.028	0.0000350	0.0000000	0.0423385	0.0001681	20.7	29.0	100
12/15/202	6:47:03 A	4.170	0.0000368	0.0000004	0.0442965	0.0000901	20.7	29.0	99
12/15/202	6:47:25 A	4.285	0.0000380	0.0000000	0.0461441	0.0000840	20.7	29.0	100
12/15/202	6:47:47 A	4.405	0.0000397	0.0000004	0.0479136	0.0002119	20.7	29.0	100
12/15/202	6:48:09 A	4.517	0.0000414	0.0000005	0.0499115	0.0001714	20.7	29.0	98
12/15/202	6:48:31 A	4.635	0.0000430	0.0000000	0.0517202	0.0000823	20.7	29.0	100
12/15/202	6:48:53 A	4.748	0.0000440	0.0000002	0.0536012	0.0000790	20.7	29.0	100
12/15/202	6:49:15 A	4.863	0.0000460	0.0000000	0.0553764	0.0001732	20.7	29.0	99
12/15/202	6:49:37 A	4.978	0.0000471	0.0000003	0.0572567	0.0001555	20.7	29.0	96
12/15/202	6:49:58 A	5.099	0.0000490	0.0000000	0.0591742	0.0001495	20.7	29.0	99
12/15/202	6:50:20 A	5.222	0.0000502	0.0000004	0.0608489	0.0001200	20.7	29.0	100
12/15/202	6:50:42 A	5.332	0.0000519	0.0000002	0.0626561	0.0000827	20.7	29.0	100
12/15/202	6:51:04 A	5.444	0.0000530	0.0000002	0.0644421	0.0001494	20.7	29.0	100
12/15/202	6:51:26 A	5.553	0.0000550	0.0000000	0.0660606	0.0001979	20.7	29.0	100
12/15/202	6:51:48 A	5.668	0.0000560	0.0000000	0.0677603	0.0001602	20.7	29.0	99
12/15/202	6:52:10 A	5.777	0.0000578	0.0000003	0.0694414	0.0002462	20.7	29.0	99
12/15/202	6:52:32 A	5.888	0.0000590	0.0000000	0.0713721	0.0000826	20.7	29.0	100
12/15/202	6:52:53 A	6.011	0.0000608	0.0000003	0.0732220	0.0001882	20.7	29.0	100
12/15/202	6:53:15 A	6.127	0.0000620	0.0000000	0.0750229	0.0001872	20.7	29.0	100
12/15/202	6:53:37 A	6.227	0.0000639	0.0000002	0.0768724	0.0001609	20.7	29.0	97
12/15/202	6:53:59 A	6.351	0.0000650	0.0000000	0.0787072	0.0001031	20.7	29.0	97
12/15/202	6:54:21 A	6.462	0.0000670	0.0000000	0.0804481	0.0002021	20.6	29.0	100
12/15/202	6:54:43 A	6.604	0.0000680	0.0000000	0.0822730	0.0001880	20.6	29.0	100
12/15/202	6:55:05 A	6.719	0.0000700	0.0000000	0.0841295	0.0001989	20.6	29.0	99
12/15/202	6:55:27 A	6.836	0.0000716	0.0000004	0.0861268	0.0001106	20.6	29.0	100
12/15/202	6:55:49 A	6.946	0.0000730	0.0000000	0.0878040	0.0001386	20.6	29.0	100
12/15/202	6:56:10 A	7.059	0.0000747	0.0000004	0.0896783	0.0001171	20.6	29.0	99
12/15/202	6:56:32 A	7.178	0.0000760	0.0000000	0.0915858	0.0002333	20.6	29.0	98
12/15/202	6:56:54 A	7.298	0.0000777	0.0000004	0.0935403	0.0002009	20.6	29.0	100
12/15/202	6:57:16 A	7.411	0.0000790	0.0000001	0.0954588	0.0001949	20.6	29.0	98
12/15/202	6:57:38 A	7.522	0.0000810	0.0000000	0.0974334	0.0001362	20.6	29.0	99
12/15/202	6:58:00 A	7.643	0.0000824	0.0000005	0.0992924	0.0002218	20.7	29.0	100
12/15/202	6:58:22 A	7.751	0.0000839	0.0000001	0.1010411	0.0002282	20.7	29.0	97
12/15/202	6:58:44 A	7.878	0.0000853	0.0000004	0.1028778	0.0002593	20.7	29.0	100
12/15/202	6:59:05 A	7.995	0.0000868	0.0000003	0.1045894	0.0003045	20.7	29.0	100
12/15/202	6:59:27 A	8.111	0.0000880	0.0000001	0.1064897	0.0001466	20.7	29.0	100
12/15/202	6:59:49 A	8.223	0.0000900	0.0000000	0.1083321	0.0000805	20.6	29.0	99
12/15/202	7:00:11 A	8.349	0.0000913	0.0000004	0.1103189	0.0001203	20.6	29.0	100
12/15/202	7:00:33 A	8.464	0.0000930	0.0000000	0.1123584	0.0002047	20.6	29.0	99
12/15/202	7:00:55 A	8.593	0.0000945	0.0000004	0.1140369	0.0002050	20.6	29.0	100
12/15/202	7:01:17 A	8.700	0.0000962	0.0000004	0.1158014	0.0003555	20.6	29.0	100
12/15/202	7:01:39 A	8.818	0.0000976	0.0000004	0.1176992	0.0002392	20.6	29.0	97
12/15/202	7:02:01 A	8.943	0.0000992	0.0000004	0.1197595	0.0003548	20.6	29.0	97
12/15/202	7:02:22 A	9.087	0.0001010	0.0000002	0.1218153	0.0002541	20.6	29.0	100
12/15/202	7:02:44 A	9.192	0.0001021	0.0000003	0.1236811	0.0001607	20.6	29.0	99
12/15/202	7:03:06 A	9.295	0.0001040	0.0000000	0.1255044	0.0001250	20.6	29.0	100
12/15/202	7:03:28 A	9.412	0.0001058	0.0000003	0.1274261	0.0001668	20.6	29.0	100
12/15/202	7:03:50 A	9.538	0.0001070	0.0000003	0.1293430	0.0002515	20.6	29.0	100
12/15/202	7:04:12 A	9.647	0.0001089	0.0000002	0.1313476	0.0002165	20.6	29.0	100
12/15/202	7:04:34 A	9.770	0.0001100	0.0000002	0.1332397	0.0002123	20.6	29.0	100
12/15/202	7:04:56 A	9.896	0.0001118	0.0000003	0.1349575	0.0001529	20.6	29.0	98
12/15/202	7:05:17 A	9.998	0.0001133	0.0000004	0.1371965	0.0003681	20.6	29.0	98
12/15/202	7:05:39 A	10.115	0.0001150	0.0000000	0.1389644	0.0004368	20.6	29.0	96
12/15/202	7:06:01 A	10.234	0.0001168	0.0000004	0.1409818	0.0002477	20.6	29.0	97
12/15/202	7:06:23 A	10.361	0.0001182	0.0000004	0.1429257	0.0003255	20.6	29.0	97
12/15/202	7:06:45 A	10.459	0.0001199	0.0000003	0.1448414	0.0003585	20.6	29.0	100
12/15/202	7:07:07 A	10.608	0.0001214	0.0000004	0.1468757	0.0004562	20.6	29.0	99
12/15/202	7:07:29 A	10.693	0.0001234	0.0000004	0.1489128	0.0003828	20.6	29.0	100
12/15/202	7:07:51 A	10.820	0.0001242	0.0000004	0.1504251	0.0003116	20.6	29.0	100
12/15/202	7:08:12 A	10.944	0.0001262	0.0000004	0.1528992	0.0006977	20.6	29.0	100
12/15/202	7:08:34 A	11.054	0.0001275	0.0000004	0.1543638	0.0002963	20.6	29.0	100
12/15/202	7:08:56 A	11.181	0.0001292	0.0000004	0.1566601	0.0003744	20.6	29.0	100
12/15/202	7:09:18 A	11.288	0.0001310	0.0000002	0.1588293	0.0004679	20.6	29.0	100
12/15/202	7:09:40 A	11.414	0.0001323	0.0000004	0.1607464	0.0003646	20.6	29.0	100
12/15/202	7:10:02 A	11.545	0.0001338	0.0000003	0.1624181	0.0003285	20.6	29.0	98
12/15/202	7:10:24 A	11.666	0.0001354	0.0000005	0.1644357	0.0003230	20.6	29.0	97
12/15/202	7:10:46 A	11.791	0.0001371	0.0000005	0.1664676	0.0006380	20.6	29.0	100
12/15/202	7:11:08 A	11.912	0.0001383	0.0000004	0.1679121	0.0003829	20.6	29.0	96
12/15/202	7:11:29 A	12.003	0.0001399	0.0000001	0.1699844	0.0003570	20.6	29.0	98
12/15/202	7:11:51 A	12.113	0.0001408	0.0000007	0.1714652	0.0006042	20.6	29.0	100
12/15/202	7:12:13 A	12.210	0.0001426	0.0000006	0.1740454	0.0008749	20.6	29.0	100
12/15/202	7:12:35 A	12.331	0.0001436	0.0000006	0.1751104	0.0006856	20.6	29.0	100
12/15/202	7:12:57 A	12.442	0.0001452	0.0000004	0.1768343	0.0008230	20.6	29.0	100
12/15/202	7:13:19 A	12.522	0.0001460	0.0000000	0.1777135	0.0001514	20.6	29.0	100
12/15/202	7:13:41 A	12.651	0.0001480	0.0000000	0.1803639	0.0007205	20.6	29.0	100
12/15/202	7:14:03 A	12.753	0.0001491	0.0000003	0.1816143	0.0004509	20.6	29.0	100
12/15/202	7:14:25 A	12.874	0.0001510	0.0000000	0.1834194	0.0000908	20.6	29.0	99
12/15/202	7:14:47 A	12.983	0.0001529	0.0000002	0.1855740	0.0001176	20.6	29.0	99
12/15/202	7:15:09 A	13.103	0.0001540	0.0000000	0.1872789	0.0001464	20.6	29.0	100
12/15/202	7:15:31 A	13.217	0.0001560	0.0000000	0.1892047	0.0000890	20.6	29.0	97
12/15/202	7:15:53 A	13.326	0.0001570	0.0000001	0.1911577	0.0001464	20.6	29.0	100
12/15/202	7:16:15 A	13.446	0.0001590	0.0000000	0.1928361	0.0001107	20.6	29.0	100
12/15/202	7:16:37 A	13.558	0.0001600	0.0000001	0.1946140	0.0002279	20.6	29.0	100
12/15/202	7:16:58 A	13.677	0.0001619	0.0000001	0.1965994	0.0002150	20.6	29.0	100
12/15/202	7:17:20 A	13.783	0.0001630	0.0000000	0.1982561	0.0001176	20.6	29.0	100
12/15/202	7:17:42 A	13.904	0.0001650	0.0000000	0.2002222	0.0000783	20.6	29.0	99
12/15/202	7:18:04 A	14.042	0.0001660	0.0000000	0.2021631	0.0000459	20.6	29.0	98
12/15/202	7:18:26 A	14.157	0.0001678	0.0000003	0.2038125	0.0002866	20.6	29.0	100
12/15/202	7:18:48 A	14.270	0.0001690	0.0000000	0.2054396	0.0001742	20.6	29.0	98
12/15/202	7:19:10 A	14.383	0.0001706	0.0000005	0.2071935	0.0005769	20.6	29.0	98
12/15/202	7:19:32 A	14.491	0.0001720	0.0000000	0.2093094	0.0002067	20.6	29.0	96
12/15/202	7:19:53 A	14.605	0.0001735	0.0000005	0.2109157	0.0002794	20.6	29.0	99
12/15/202	7:20:15 A	14.721	0.0001750	0.0000000	0.2127368	0.0002044	20.6	29.0	100
12/15/202	7:20:37 A	14.825	0.0001760	0.0000002	0.2143312	0.0001286	20.6	29.0	100
12/15/202	7:20:59 A	14.947	0.0001780	0.0000000	0.2159925	0.0000723	20.6	29.0	100
12/15/202	7:21:21 A	15.053	0.0001791	0.0000003	0.2178955	0.0000826	20.6	29.0	100
12/15/202	7:21:43 A	15.169	0.0001810	0.0000000	0.2195106	0.0001400	20.6	29.0	100
12/15/202	7:22:05 A	15.286	0.0001819	0.0000001	0.2208817	0.0002421	20.6	29.0	99
12/15/202	7:22:27 A	15.400	0.0001834	0.0000005	0.2224853	0.0001636	20.6	29.0	100
12/15/202	7:22:48 A	15.516	0.0001850	0.0000000	0.2241173	0.0003315	20.6	29.0	100
12/15/202	7:23:10 A	15.620	0.0001864	0.0000005	0.2256685	0.0002938	20.6	29.0	100
12/15/202	7:23:32 A	15.738	0.0001880	0.0000000	0.2272687	0.0002358	20.6	29.0	97
12/15/202	7:23:54 A	15.848	0.0001890	0.0000002	0.2289504	0.0002881	20.6	29.0	100
12/15/202	7:24:16 A	15.951	0.0001909	0.0000002	0.2306530	0.0003341	20.6	29.0	100
12/15/202	7:24:38 A	16.070	0.0001919	0.0000001	0.2325977	0.0002725	20.6	29.0	100
12/15/202	7:25:00 A	16.182	0.0001940	0.0000000	0.2344806	0.0001600	20.6	29.0	100
12/15/202	7:25:22 A	16.299	0.0001950	0.0000001	0.2364902	0.0001442	20.6	29.0	100
12/15/202	7:25:44 A	16.426	0.0001970	0.0000001	0.2381793	0.0003683	20.6	29.0	99
12/15/202	7:26:05 A	16.553	0.0001984	0.0000004	0.2405422	0.0002468	20.5	29.0	100
12/15/202	7:26:27 A	16.667	0.0002000	0.0000000	0.2422018	0.0001125	20.5	29.0	100
12/15/202	7:26:49 A	16.788	0.0002019	0.0000002	0.2443735	0.0003291	20.5	29.0	100
12/15/202	7:27:11 A	16.890	0.0002030	0.0000000	0.2459807	0.0002081	20.5	29.0	98
12/15/202	7:27:33 A	16.998	0.0002040	0.0000000	0.2473263	0.0001665	20.5	29.0	96
12/15/202	7:27:55 A	17.107	0.0002060	0.0000000	0.2490943	0.0001846	20.5	29.0	97
12/15/202	7:28:17 A	17.222	0.0002070	0.0000000	0.2507841	0.0001186	20.5	29.0	99
12/15/202	7:28:39 A	17.342	0.0002090	0.0000000	0.2528688	0.0001798	20.5	29.0	100
12/15/202	7:29:01 A	17.460	0.0002100	0.0000001	0.2553139	0.0011598	20.5	29.0	100
12/15/202	7:29:23 A	17.567	0.0002120	0.0000000	0.2567886	0.0001999	20.5	29.0	100
12/15/202	7:29:44 A	17.691	0.0002132	0.0000004	0.2585097	0.0000909	20.5	29.0	100
12/15/202	7:30:06 A	17.810	0.0002150	0.0000000	0.2602796	0.0000508	20.5	29.0	100
12/15/202	7:30:28 A	17.911	0.0002161	0.0000003	0.2623316	0.0001224	20.5	29.0	100
12/15/202	7:30:50 A	18.038	0.0002180	0.0000000	0.2640520	0.0000790	20.5	29.0	100
12/15/202	7:31:12 A	18.148	0.0002191	0.0000003	0.2658352	0.0000690	20.5	29.0	100
12/15/202	7:31:34 A	18.261	0.0002210	0.0000000	0.2678321	0.0000813	20.5	29.0	96
12/15/202	7:31:56 A	18.383	0.0002230	0.0000000	0.2699798	0.0001410	20.5	29.0	98
12/15/202	7:32:18 A	18.492	0.0002241	0.0000003	0.2721481	0.0001442	20.5	29.0	100
12/15/202	7:32:40 A	18.610	0.0002260	0.0000000	0.2741484	0.0000861	20.5	29.0	97
12/15/202	7:33:01 A	18.725	0.0002270	0.0000000	0.2760774	0.0001763	20.5	29.0	100
12/15/202	7:33:23 A	18.843	0.0002290	0.0000000	0.2781294	0.0000837	20.5	29.0	100
12/15/202	7:33:45 A	18.982	0.0002309	0.0000002	0.2799571	0.0000803	20.5	29.0	100
12/15/202	7:34:07 A	19.126	0.0002322	0.0000006	0.2823365	0.0008651	20.5	29.0	100
12/15/202	7:34:29 A	19.218	0.0002340	0.0000001	0.2844207	0.0001639	20.5	29.0	100
12/15/202	7:34:51 A	19.345	0.0002359	0.0000006	0.2870033	0.0007366	20.5	29.0	100
12/15/202	7:35:13 A	19.453	0.0002370	0.0000001	0.2886308	0.0002480	20.5	29.0	99
12/15/202	7:35:35 A	19.571	0.0002393	0.0000008	0.2909834	0.0014567	20.5	29.0	100
12/15/202	7:35:56 A	19.692	0.0002400	0.0000003	0.2927219	0.0003746	20.5	29.0	100
12/15/202	7:36:18 A	19.791	0.0002419	0.0000001	0.2946286	0.0001658	20.5	29.0	97
12/15/202	7:36:40 A	19.917	0.0002440	0.0000000	0.2965789	0.0003068	20.5	29.0	97
12/15/202	7:37:02 A	20.043	0.0002451	0.0000004	0.2985755	0.0003402	20.5	29.0	100
12/15/202	7:37:24 A	20.152	0.0002470	0.0000001	0.3004434	0.0001158	20.5	29.0	100
12/15/202	7:37:46 A	20.262	0.0002489	0.0000002	0.3025088	0.0001000	20.5	29.0	100
12/15/202	7:38:08 A	20.387	0.0002501	0.0000003	0.3047272	0.0001913	20.5	29.0	100
12/15/202	7:38:30 A	20.491	0.0002520	0.0000002	0.3066591	0.0001492	20.5	29.0	100
12/15/202	7:38:52 A	20.612	0.0002537	0.0000004	0.3083998	0.0002103	20.5	29.0	100
12/15/202	7:39:13 A	20.739	0.0002551	0.0000003	0.3101605	0.0003731	20.5	29.0	99
12/15/202	7:39:35 A	20.854	0.0002574	0.0000005	0.3123047	0.0002077	20.5	29.0	100
12/15/202	7:39:57 A	20.979	0.0002587	0.0000007	0.3143577	0.0001704	20.5	29.0	97
12/15/202	7:40:19 A	21.098	0.0002603	0.0000007	0.3164423	0.0002761	20.5	29.0	98
12/15/202	7:40:41 A	21.177	0.0002612	0.0000004	0.3176864	0.0002990	20.5	29.0	97
12/15/202	7:41:03 A	21.291	0.0002629	0.0000002	0.3196388	0.0002850	20.5	29.0	97
12/15/202	7:41:25 A	21.438	0.0002643	0.0000004	0.3215977	0.0002475	20.5	29.0	100
12/15/202	7:41:47 A	21.556	0.0002659	0.0000002	0.3234125	0.0002332	20.5	29.0	100
12/15/202	7:42:08 A	21.688	0.0002670	0.0000002	0.3244584	0.0010676	20.4	29.0	100
12/15/202	7:42:30 A	21.780	0.0002690	0.0000000	0.3269380	0.0002078	20.4	29.0	100
12/15/202	7:42:52 A	21.889	0.0002700	0.0000002	0.3281843	0.0005189	20.4	29.0	100
12/15/202	7:43:14 A	22.002	0.0002713	0.0000004	0.3300810	0.0002733	20.4	29.0	99
12/15/202	7:43:36 A	22.106	0.0002735	0.0000012	0.3317996	0.0005255	20.4	29.0	99
12/15/202	7:43:58 A	22.219	0.0002747	0.0000005	0.3336455	0.0001891	20.5	29.0	99
12/15/202	7:44:20 A	22.335	0.0002761	0.0000006	0.3354241	0.0003831	20.5	29.0	100
12/15/202	7:44:42 A	22.436	0.0002772	0.0000004	0.3369368	0.0001293	20.5	29.0	99
12/15/202	7:45:03 A	22.558	0.0002790	0.0000000	0.3381654	0.0002264	20.5	29.0	99
12/15/202	7:45:25 A	22.662	0.0002800	0.0000001	0.3398429	0.0007120	20.5	29.0	100
12/15/202	7:45:47 A	22.772	0.0002813	0.0000004	0.3409062	0.0000659	20.4	29.0	100
12/15/202	7:46:09 A	22.893	0.0002829	0.0000001	0.3426207	0.0001930	20.4	29.0	99
12/15/202	7:46:31 A	23.002	0.0002841	0.0000003	0.3445356	0.0001071	20.4	29.0	100
12/15/202	7:46:53 A	23.114	0.0002860	0.0000000	0.3459431	0.0001746	20.4	29.0	100
12/15/202	7:47:15 A	23.227	0.0002870	0.0000000	0.3473791	0.0003344	20.4	29.0	100
12/15/202	7:47:37 A	23.340	0.0002883	0.0000004	0.3488848	0.0002102	20.4	29.0	99
12/15/202	7:47:58 A	23.461	0.0002899	0.0000001	0.3497041	0.0010871	20.4	29.0	100
12/15/202	7:48:20 A	23.566	0.0002911	0.0000007	0.3514530	0.0018968	20.4	29.0	100
12/15/202	7:48:42 A	23.692	0.0002924	0.0000009	0.3526436	0.0020552	20.4	29.0	98
12/15/202	7:49:04 A	23.804	0.0002940	0.0000002	0.3546144	0.0006094	20.4	29.0	97
12/15/202	7:49:26 A	23.916	0.0002950	0.0000000	0.3564899	0.0005402	20.5	29.0	100
12/15/202	7:49:48 A	24.030	0.0002961	0.0000003	0.3577913	0.0003024	20.5	29.0	100
12/15/202	7:50:10 A	24.128	0.0002979	0.0000002	0.3594167	0.0003395	20.5	29.0	100
12/15/202	7:50:32 A	24.229	0.0002989	0.0000001	0.3609882	0.0002090	20.5	29.0	100
12/15/202	7:50:54 A	24.350	0.0003002	0.0000005	0.3626096	0.0003359	20.5	29.0	100
12/15/202	7:51:15 A	24.460	0.0003019	0.0000002	0.3639931	0.0001537	20.4	29.0	100
12/15/202	7:51:37 A	24.576	0.0003030	0.0000001	0.3659718	0.0004089	20.4	29.0	100
12/15/202	7:51:59 A	24.684	0.0003040	0.0000000	0.3670919	0.0001025	20.4	29.0	100
12/15/202	7:52:21 A	24.792	0.0003055	0.0000005	0.3688347	0.0002502	20.4	29.0	98
12/15/202	7:52:43 A	24.904	0.0003070	0.0000001	0.3708239	0.0001774	20.4	29.0	99
12/15/202	7:53:06 A	25.019	0.0003089	0.0000002	0.3729719	0.0001285	20.4	29.0	97
12/15/202	7:53:27 A	25.124	0.0003099	0.0000001	0.3747158	0.0001102	20.4	29.0	100
12/15/202	7:53:49 A	25.238	0.0003119	0.0000001	0.3766983	0.0001288	20.4	29.0	100
12/15/202	7:54:11 A	25.357	0.0003130	0.0000000	0.3788861	0.0001041	20.4	29.0	100
12/15/202	7:54:33 A	25.472	0.0003150	0.0000002	0.3806610	0.0000726	20.4	29.0	98
12/15/202	7:54:55 A	25.594	0.0003164	0.0000006	0.3828141	0.0001652	20.4	29.0	100
12/15/202	7:55:17 A	25.708	0.0003180	0.0000000	0.3846774	0.0001464	20.4	29.0	100
12/15/202	7:55:39 A	25.825	0.0003200	0.0000000	0.3869029	0.0000726	20.4	29.0	100
12/15/202	7:56:01 A	25.929	0.0003212	0.0000004	0.3889299	0.0001484	20.4	29.0	99
12/15/202	7:56:22 A	26.049	0.0003230	0.0000000	0.3910243	0.0002198	20.4	29.0	100
12/15/202	7:56:44 A	26.166	0.0003246	0.0000005	0.3930793	0.0002567	20.4	29.0	99
12/15/202	7:57:06 A	26.278	0.0003260	0.0000000	0.3949027	0.0000852	20.4	29.0	100
12/15/202	7:57:28 A	26.420	0.0003279	0.0000003	0.3969554	0.0001039	20.4	29.0	100
12/15/202	7:57:50 A	26.539	0.0003289	0.0000002	0.3992747	0.0002909	20.4	29.0	100
12/15/202	7:58:12 A	26.664	0.0003309	0.0000002	0.4016276	0.0003180	20.4	29.0	98
12/15/202	7:58:34 A	26.776	0.0003329	0.0000001	0.4040537	0.0002162	20.4	29.0	98
12/15/202	7:58:56 A	26.889	0.0003340	0.0000001	0.4058375	0.0001700	20.4	29.0	100
12/15/202	7:59:18 A	27.005	0.0003360	0.0000001	0.4078676	0.0006019	20.4	29.0	100
12/15/202	7:59:39 A	27.120	0.0003370	0.0000000	0.4096207	0.0001252	20.4	29.0	100
12/15/202	8:00:01 A	27.230	0.0003390	0.0000000	0.4118149	0.0001294	20.4	29.0	100
12/15/202	8:00:23 A	27.347	0.0003407	0.0000004	0.4134815	0.0002630	20.4	29.0	100
12/15/202	8:00:45 A	27.462	0.0003420	0.0000000	0.4149026	0.0002739	20.4	29.0	100
12/15/202	8:01:07 A	27.579	0.0003431	0.0000006	0.4165337	0.0004261	20.4	29.0	99
12/15/202	8:01:29 A	27.693	0.0003451	0.0000006	0.4181718	0.0004316	20.4	29.0	97
12/15/202	8:01:51 A	27.810	0.0003470	0.0000000	0.4201877	0.0003316	20.4	29.0	100
12/15/202	8:02:13 A	27.921	0.0003480	0.0000000	0.4220886	0.0005570	20.4	29.0	100
12/15/202	8:02:34 A	28.036	0.0003500	0.0000003	0.4242949	0.0006684	20.4	29.0	96
12/15/202	8:02:56 A	28.156	0.0003510	0.0000000	0.4258008	0.0001949	20.4	29.0	100
12/15/202	8:03:18 A	28.272	0.0003530	0.0000000	0.4276720	0.0001657	20.4	29.0	100
12/15/202	8:03:40 A	28.383	0.0003540	0.0000001	0.4290651	0.0001759	20.4	29.0	100
12/15/202	8:04:02 A	28.489	0.0003560	0.0000000	0.4311349	0.0001988	20.4	29.0	99
12/15/202	8:04:24 A	28.602	0.0003570	0.0000000	0.4322159	0.0001860	20.4	29.0	100
12/15/202	8:04:46 A	28.715	0.0003582	0.0000004	0.4334563	0.0001975	20.4	29.0	100
12/15/202	8:05:08 A	28.827	0.0003600	0.0000000	0.4349092	0.0001057	20.4	29.0	99
12/15/202	8:05:29 A	28.967	0.0003610	0.0000001	0.4358881	0.0001044	20.4	29.0	99
12/15/202	8:05:51 A	29.066	0.0003620	0.0000000	0.4368788	0.0001803	20.4	29.0	100
12/15/202	8:06:13 A	29.173	0.0003636	0.0000004	0.4381167	0.0001610	20.4	29.0	99
12/15/202	8:06:35 A	29.286	0.0003648	0.0000003	0.4391335	0.0002050	20.4	29.0	96
12/15/202	8:06:57 A	29.388	0.0003659	0.0000002	0.4404078	0.0001349	20.4	29.0	100
12/15/202	8:07:19 A	29.512	0.0003670	0.0000001	0.4416549	0.0001869	20.4	29.0	99
12/15/202	8:07:41 A	29.616	0.0003680	0.0000000	0.4428352	0.0001678	20.4	29.0	100
12/15/202	8:08:03 A	29.718	0.0003695	0.0000004	0.4442730	0.0002281	20.4	29.0	100
12/15/202	8:08:25 A	29.827	0.0003707	0.0000007	0.4451620	0.0009899	20.4	29.0	99
12/15/202	8:08:46 A	29.901	0.0003719	0.0000007	0.4469850	0.0013057	20.4	29.0	99
12/15/202	8:09:08 A	30.053	0.0003740	0.0000000	0.4492471	0.0000955	20.4	29.0	100
12/15/202	8:09:30 A	30.177	0.0003750	0.0000003	0.4506378	0.0006205	20.4	29.0	100
12/15/202	8:09:52 A	30.294	0.0003765	0.0000009	0.4506176	0.0025266	20.4	29.0	99
12/15/202	8:10:14 A	30.414	0.0003780	0.0000002	0.4543140	0.0000963	20.4	29.0	98
12/15/202	8:10:36 A	30.515	0.0003799	0.0000002	0.4555965	0.0006111	20.4	29.0	97
12/15/202	8:10:58 A	30.612	0.0003809	0.0000002	0.4574171	0.0004396	20.4	29.0	96
12/15/202	8:11:20 A	30.715	0.0003818	0.0000005	0.4586302	0.0008238	20.4	29.0	100
12/15/202	8:11:41 A	30.831	0.0003838	0.0000003	0.4604897	0.0006501	20.4	29.0	100
12/15/202	8:12:03 A	30.938	0.0003848	0.0000004	0.4620801	0.0004121	20.4	29.0	99
12/15/202	8:12:25 A	31.049	0.0003859	0.0000001	0.4635005	0.0006812	20.4	29.0	100
12/15/202	8:12:47 A	31.168	0.0003879	0.0000001	0.4652321	0.0003938	20.4	29.0	100
12/15/202	8:13:09 A	31.268	0.0003888	0.0000004	0.4665917	0.0008715	20.4	29.0	99
12/15/202	8:13:31 A	31.400	0.0003899	0.0000007	0.4684969	0.0015950	20.4	29.0	100
12/15/202	8:13:53 A	31.530	0.0003920	0.0000002	0.4710322	0.0003531	20.4	29.0	100
12/15/202	8:14:15 A	31.579	0.0003937	0.0000007	0.4727033	0.0005246	20.4	29.0	96
12/15/202	8:14:36 A	31.761	0.0003950	0.0000000	0.4750458	0.0001675	20.4	29.0	100
12/15/202	8:14:58 A	31.870	0.0003969	0.0000003	0.4770771	0.0003161	20.4	29.0	99
12/15/202	8:15:20 A	31.962	0.0003988	0.0000008	0.4793668	0.0002009	20.4	29.0	97
12/15/202	8:15:42 A	32.090	0.0004001	0.0000003	0.4818614	0.0001451	20.4	29.0	100
12/15/202	8:16:04 A	32.200	0.0004018	0.0000005	0.4839410	0.0002564	20.4	29.0	100
12/15/202	8:16:26 A	32.302	0.0004036	0.0000005	0.4860695	0.0004721	20.4	29.0	100
12/15/202	8:16:48 A	32.421	0.0004049	0.0000001	0.4879881	0.0001366	20.4	29.0	99
12/15/202	8:17:10 A	32.475	0.0004066	0.0000004	0.4906502	0.0005325	20.4	29.0	100
12/15/202	8:17:32 A	32.659	0.0004079	0.0000001	0.4921429	0.0002075	20.3	29.0	100
12/15/202	8:17:53 A	32.778	0.0004100	0.0000000	0.4943139	0.0001637	20.3	29.0	100
12/15/202	8:18:15 A	32.901	0.0004107	0.0000021	0.4955207	0.0019780	20.3	29.0	99
12/15/202	8:18:37 A	33.023	0.0004131	0.0000003	0.4983792	0.0001524	20.3	29.0	100
12/15/202	8:18:59 A	33.126	0.0004150	0.0000000	0.5004379	0.0002412	20.3	29.0	98
12/15/202	8:19:21 A	33.246	0.0004164	0.0000005	0.5024789	0.0002355	20.4	29.0	95
12/15/202	8:19:43 A	33.363	0.0004180	0.0000002	0.5045729	0.0003822	20.4	29.0	99
12/15/202	8:20:05 A	33.479	0.0004195	0.0000004	0.5067509	0.0004065	20.4	29.0	100
12/15/202	8:20:27 A	33.606	0.0004215	0.0000005	0.5086096	0.0003409	20.4	29.0	100
12/15/202	8:20:48 A	33.721	0.0004231	0.0000003	0.5112336	0.0001544	20.4	29.0	100
12/15/202	8:21:10 A	33.869	0.0004250	0.0000002	0.5134789	0.0003759	20.4	28.0	100
12/15/202	8:21:32 A	33.985	0.0004270	0.0000000	0.5154953	0.0002706	20.4	28.0	100
12/15/202	8:21:54 A	34.099	0.0004284	0.0000004	0.5175542	0.0001163	20.4	28.0	99
12/15/202	8:22:16 A	34.216	0.0004300	0.0000001	0.5191022	0.0002317	20.4	28.0	98
12/15/202	8:22:38 A	34.335	0.0004317	0.0000006	0.5207531	0.0005179	20.4	28.0	100
12/15/202	8:23:00 A	34.452	0.0004333	0.0000006	0.5230874	0.0003344	20.3	29.0	97
12/15/202	8:23:22 A	34.569	0.0004350	0.0000000	0.5249921	0.0001845	20.3	29.0	98
12/15/202	8:23:44 A	34.684	0.0004366	0.0000004	0.5267305	0.0003655	20.3	29.0	100
12/15/202	8:24:05 A	34.801	0.0004375	0.0000004	0.5281829	0.0003434	20.3	29.0	100
12/15/202	8:24:27 A	34.914	0.0004387	0.0000007	0.5292238	0.0009006	20.3	29.0	100
12/15/202	8:24:49 A	35.029	0.0004398	0.0000006	0.5306006	0.0006492	20.3	29.0	100
12/15/202	8:25:11 A	35.138	0.0004410	0.0000021	0.5315560	0.0031462	20.3	29.0	100
12/15/202	8:25:33 A	35.253	0.0004429	0.0000002	0.5340151	0.0002971	20.3	29.0	100
12/15/202	8:25:55 A	35.358	0.0004439	0.0000001	0.5358344	0.0001997	20.3	29.0	100
12/15/202	8:26:17 A	35.464	0.0004450	0.0000001	0.5368559	0.0001980	20.3	29.0	100
12/15/202	8:26:39 A	35.571	0.0004462	0.0000004	0.5378304	0.0005340	20.3	29.0	100
12/15/202	8:27:00 A	35.652	0.0004466	0.0000017	0.5391690	0.0009502	20.3	29.0	98
12/15/202	8:27:22 A	35.761	0.0004474	0.0000037	0.5396611	0.0046643	20.3	29.0	97
12/15/202	8:27:44 A	35.894	0.0004504	0.0000005	0.5436968	0.0006234	20.3	29.0	99
12/15/202	8:28:06 A	35.996	0.0004517	0.0000005	0.5455585	0.0003544	20.3	29.0	98
12/15/202	8:28:28 A	36.098	0.0004525	0.0000005	0.5467800	0.0001854	20.3	29.0	100
12/15/202	8:28:50 A	36.190	0.0004533	0.0000004	0.5477901	0.0005503	20.3	29.0	100
12/15/202	8:29:12 A	36.339	0.0004550	0.0000000	0.5492699	0.0002949	20.3	29.0	100
12/15/202	8:29:34 A	36.437	0.0004563	0.0000004	0.5511875	0.0001951	20.3	29.0	99
12/15/202	8:29:55 A	36.547	0.0004577	0.0000004	0.5526353	0.0002728	20.3	29.0	100
12/15/202	8:30:17 A	36.658	0.0004590	0.0000000	0.5541052	0.0002001	20.3	29.0	99
12/15/202	8:30:39 A	36.758	0.0004607	0.0000004	0.5557835	0.0004877	20.3	29.0	100
12/15/202	8:31:01 A	36.852	0.0004620	0.0000000	0.5570192	0.0002204	20.3	29.0	100
12/15/202	8:31:23 A	36.962	0.0004632	0.0000006	0.5590075	0.0015883	20.3	29.0	99
12/15/202	8:31:45 A	37.063	0.0004648	0.0000003	0.5601876	0.0002281	20.3	29.0	98
12/15/202	8:32:07 A	37.163	0.0004662	0.0000005	0.5621239	0.0004265	20.3	29.0	100
12/15/202	8:32:29 A	37.268	0.0004680	0.0000002	0.5643873	0.0011685	20.3	29.0	100
12/15/202	8:32:50 A	37.351	0.0004699	0.0000002	0.5666350	0.0026957	20.3	29.0	98
12/15/202	8:33:12 A	37.451	0.0004713	0.0000005	0.5680461	0.0011406	20.3	29.0	100
12/15/202	8:33:34 A	37.557	0.0004730	0.0000000	0.5704247	0.0009676	20.3	29.0	100
12/15/202	8:33:56 A	37.673	0.0004750	0.0000000	0.5726744	0.0001977	20.3	29.0	100
12/15/202	8:34:18 A	37.776	0.0004770	0.0000001	0.5750667	0.0008259	20.3	29.0	100
12/15/202	8:34:40 A	37.886	0.0004789	0.0000002	0.5772121	0.0001913	20.3	29.0	100
12/15/202	8:35:02 A	37.966	0.0004807	0.0000004	0.5798886	0.0010262	20.3	29.0	99
12/15/202	8:35:24 A	38.094	0.0004820	0.0000002	0.5818709	0.0007162	20.3	29.0	100
12/15/202	8:35:46 A	38.218	0.0004840	0.0000000	0.5844578	0.0013228	20.3	29.0	100
12/15/202	8:36:08 A	38.324	0.0004860	0.0000001	0.5871249	0.0008642	20.3	29.0	98
12/15/202	8:36:30 A	38.445	0.0004873	0.0000004	0.5888861	0.0003908	20.3	29.0	100
12/15/202	8:36:51 A	38.563	0.0004888	0.0000003	0.5907550	0.0008968	20.3	29.0	100
12/15/202	8:37:13 A	38.686	0.0004904	0.0000005	0.5934046	0.0018037	20.3	29.0	99
12/15/202	8:37:35 A	38.818	0.0004939	0.0000001	0.6030119	0.0002484	20.3	29.0	100
12/15/202	8:37:57 A	38.935	0.0004956	0.0000004	0.6058493	0.0004558	20.2	29.0	100
12/15/202	8:38:19 A	39.046	0.0004967	0.0000004	0.6068742	0.0005514	20.2	29.0	100
12/15/202	8:38:41 A	39.164	0.0004987	0.0000004	0.6088891	0.0002303	20.2	29.0	99
12/15/202	8:39:03 A	39.289	0.0005003	0.0000004	0.6116309	0.0003949	20.2	29.0	100
12/15/202	8:39:25 A	39.407	0.0005020	0.0000000	0.6138839	0.0004489	20.3	29.0	98
12/15/202	8:39:47 A	39.525	0.0005030	0.0000001	0.6149519	0.0004052	20.3	29.0	100
12/15/202	8:40:08 A	39.637	0.0005046	0.0000004	0.6171056	0.0002653	20.3	29.0	100
12/15/202	8:40:30 A	39.746	0.0005060	0.0000000	0.6191337	0.0001880	20.3	29.0	98
12/15/202	8:40:52 A	39.847	0.0005070	0.0000000	0.6206265	0.0001663	20.3	29.0	97
12/15/202	8:41:14 A	39.966	0.0005082	0.0000004	0.6221051	0.0003912	20.2	29.0	98
12/15/202	8:41:36 A	40.088	0.0005094	0.0000004	0.6236386	0.0002030	20.2	29.0	100
12/15/202	8:41:58 A	40.195	0.0005110	0.0000000	0.6249677	0.0002201	20.2	29.0	100
12/15/202	8:42:20 A	40.308	0.0005122	0.0000004	0.6264452	0.0002867	20.2	29.0	100
12/15/202	8:42:42 A	40.432	0.0005138	0.0000003	0.6283968	0.0001455	20.2	29.0	99
12/15/202	8:43:03 A	40.553	0.0005150	0.0000000	0.6295596	0.0003603	20.2	29.0	100
12/15/202	8:43:25 A	40.666	0.0005167	0.0000004	0.6317623	0.0002382	20.2	29.0	99
12/15/202	8:43:47 A	40.766	0.0005177	0.0000004	0.6329950	0.0002781	20.2	29.0	99
12/15/202	8:44:09 A	40.892	0.0005181	0.0000003	0.6332717	0.0004569	20.2	29.0	100
12/15/202	8:44:31 A	40.994	0.0005188	0.0000004	0.6333600	0.0007918	20.2	29.0	98
12/15/202	8:44:53 A	41.114	0.0005204	0.0000004	0.6348189	0.0008290	20.2	29.0	100
12/15/202	8:45:15 A	41.255	0.0005221	0.0000003	0.6373086	0.0008927	20.2	29.0	99
12/15/202	8:45:37 A	41.409	0.0005240	0.0000000	0.6397620	0.0007311	20.2	29.0	99
12/15/202	8:45:59 A	41.534	0.0005258	0.0000003	0.6416941	0.0007151	20.2	29.0	100
12/15/202	8:46:21 A	41.615	0.0005269	0.0000002	0.6429983	0.0006769	20.2	29.0	100
12/15/202	8:46:43 A	41.713	0.0005282	0.0000005	0.6446792	0.0008416	20.2	29.0	100
12/15/202	8:47:04 A	41.823	0.0005305	0.0000005	0.6471383	0.0004863	20.2	29.0	100
12/15/202	8:47:26 A	41.933	0.0005324	0.0000005	0.6492358	0.0005821	20.2	29.0	100
12/15/202	8:47:48 A	42.038	0.0005340	0.0000001	0.6508948	0.0003416	20.2	29.0	100
