12/15/202	17:19:20 	0.000	0.0000000	0.0000000	0.0000014	0.0000001	23.0	29.0	100
12/15/202	17:19:42 	1.421	0.0000000	0.0000000	0.0000145	0.0000002	23.0	29.0	100
12/15/202	17:20:04 	1.428	0.0000000	0.0000000	0.0001245	0.0000002	23.0	29.0	100
12/15/202	17:20:26 	1.491	0.0000010	0.0000000	0.0011394	0.0000003	23.0	29.0	100
12/15/202	17:20:48 	1.502	0.0000010	0.0000000	0.0013230	0.0000004	23.0	29.0	100
12/15/202	17:21:10 	1.521	0.0000010	0.0000000	0.0015869	0.0000004	23.0	29.0	100
12/15/202	17:21:32 	1.548	0.0000020	0.0000000	0.0020079	0.0000009	23.0	28.0	99
12/15/202	17:21:53 	1.668	0.0000030	0.0000000	0.0035009	0.0000778	23.0	28.0	100
12/15/202	17:22:15 	1.786	0.0000040	0.0000001	0.0053094	0.0001133	23.0	28.0	100
12/15/202	17:22:37 	1.901	0.0000060	0.0000000	0.0071195	0.0001443	23.0	28.0	98
12/15/202	17:22:59 	2.028	0.0000072	0.0000004	0.0091924	0.0002248	23.0	28.0	98
12/15/202	17:23:21 	2.156	0.0000090	0.0000000	0.0110533	0.0002753	23.0	29.0	97
12/15/202	17:23:43 	2.270	0.0000108	0.0000003	0.0129498	0.0001479	23.0	29.0	100
12/15/202	17:24:05 	2.392	0.0000120	0.0000000	0.0147927	0.0001092	23.0	29.0	98
12/15/202	17:24:27 	2.511	0.0000139	0.0000001	0.0166872	0.0001615	23.0	29.0	100
12/15/202	17:24:48 	2.634	0.0000150	0.0000000	0.0185577	0.0001047	23.0	29.0	99
12/15/202	17:25:10 	2.757	0.0000170	0.0000000	0.0205819	0.0001421	23.0	29.0	100
12/15/202	17:25:32 	2.882	0.0000180	0.0000000	0.0224078	0.0001697	23.0	29.0	100
12/15/202	17:25:54 	3.005	0.0000199	0.0000002	0.0242038	0.0001733	23.0	29.0	99
12/15/202	17:26:16 	3.126	0.0000210	0.0000002	0.0262409	0.0001233	23.0	29.0	100
12/15/202	17:26:38 	3.248	0.0000230	0.0000000	0.0280358	0.0001356	23.0	29.0	98
12/15/202	17:27:00 	3.368	0.0000242	0.0000004	0.0299276	0.0001811	23.0	29.0	100
12/15/202	17:27:22 	3.494	0.0000260	0.0000000	0.0318679	0.0002185	23.0	29.0	100
12/15/202	17:27:44 	3.615	0.0000277	0.0000004	0.0337581	0.0002342	23.0	29.0	97
12/15/202	17:28:05 	3.740	0.0000290	0.0000000	0.0357017	0.0002492	23.0	29.0	97
12/15/202	17:28:27 	3.851	0.0000310	0.0000000	0.0374507	0.0001060	23.0	28.0	99
12/15/202	17:28:50 	3.975	0.0000320	0.0000000	0.0393691	0.0001783	23.0	28.0	100
12/15/202	17:29:12 	4.126	0.0000340	0.0000000	0.0413271	0.0001036	23.0	28.0	100
12/15/202	17:29:33 	4.250	0.0000350	0.0000002	0.0431850	0.0001001	23.0	28.0	100
12/15/202	17:29:55 	4.371	0.0000370	0.0000000	0.0452339	0.0001052	23.0	29.0	100
12/15/202	17:30:17 	4.494	0.0000388	0.0000003	0.0471794	0.0001247	23.0	29.0	100
12/15/202	17:30:39 	4.609	0.0000400	0.0000000	0.0489950	0.0002947	23.0	29.0	99
12/15/202	17:31:01 	4.729	0.0000416	0.0000004	0.0508359	0.0002163	23.0	29.0	98
12/15/202	17:31:23 	4.850	0.0000430	0.0000000	0.0525679	0.0002519	23.0	29.0	96
12/15/202	17:31:45 	4.968	0.0000449	0.0000002	0.0544085	0.0002284	23.1	29.0	100
12/15/202	17:32:07 	5.091	0.0000460	0.0000000	0.0564816	0.0001821	23.1	29.0	100
12/15/202	17:32:29 	5.219	0.0000479	0.0000002	0.0584250	0.0000951	23.1	29.0	96
12/15/202	17:32:50 	5.341	0.0000490	0.0000001	0.0602970	0.0001650	23.1	29.0	100
12/15/202	17:33:12 	5.467	0.0000510	0.0000000	0.0621599	0.0002249	23.1	29.0	100
12/15/202	17:33:34 	5.583	0.0000522	0.0000004	0.0640731	0.0001031	23.1	29.0	100
12/15/202	17:33:56 	5.701	0.0000539	0.0000001	0.0657106	0.0001259	23.1	29.0	99
12/15/202	17:34:18 	5.815	0.0000552	0.0000004	0.0676232	0.0004081	23.1	29.0	100
12/15/202	17:34:40 	5.931	0.0000570	0.0000000	0.0693757	0.0002728	23.1	29.0	99
12/15/202	17:35:02 	6.049	0.0000582	0.0000004	0.0712209	0.0002575	23.1	29.0	100
12/15/202	17:35:24 	6.178	0.0000600	0.0000000	0.0734517	0.0003367	23.1	29.0	98
12/15/202	17:35:45 	6.307	0.0000619	0.0000001	0.0757498	0.0004718	23.1	29.0	98
12/15/202	17:36:07 	6.437	0.0000631	0.0000003	0.0774664	0.0002559	23.1	29.0	100
12/15/202	17:36:29 	6.589	0.0000650	0.0000000	0.0792847	0.0001952	23.1	29.0	100
12/15/202	17:36:51 	6.696	0.0000661	0.0000003	0.0811773	0.0002894	23.1	28.0	97
12/15/202	17:37:13 	6.827	0.0000679	0.0000001	0.0829911	0.0003384	23.1	28.0	99
12/15/202	17:37:35 	6.952	0.0000692	0.0000004	0.0844966	0.0004553	23.1	28.0	100
12/15/202	17:37:57 	7.066	0.0000710	0.0000000	0.0863872	0.0002036	23.1	28.0	99
12/15/202	17:38:19 	7.195	0.0000720	0.0000000	0.0881226	0.0001887	23.1	28.0	100
12/15/202	17:38:41 	7.310	0.0000741	0.0000003	0.0902742	0.0005986	23.1	29.0	100
12/15/202	17:39:02 	7.424	0.0000753	0.0000004	0.0919602	0.0005550	23.1	29.0	99
12/15/202	17:39:24 	7.550	0.0000770	0.0000000	0.0940016	0.0001408	23.1	29.0	100
12/15/202	17:39:46 	7.660	0.0000782	0.0000004	0.0957087	0.0001832	23.1	29.0	100
12/15/202	17:40:08 	7.783	0.0000800	0.0000000	0.0978105	0.0003088	23.1	29.0	98
12/15/202	17:40:30 	7.919	0.0000818	0.0000003	0.0995457	0.0002455	23.1	29.0	97
12/15/202	17:40:52 	8.036	0.0000830	0.0000001	0.1017291	0.0001739	23.1	29.0	100
12/15/202	17:41:14 	8.159	0.0000850	0.0000000	0.1034877	0.0002449	23.1	29.0	100
12/15/202	17:41:36 	8.281	0.0000865	0.0000004	0.1058063	0.0004153	23.1	29.0	100
12/15/202	17:41:57 	8.405	0.0000880	0.0000000	0.1075562	0.0002724	23.1	29.0	100
12/15/202	17:42:19 	8.526	0.0000896	0.0000004	0.1095113	0.0003619	23.1	29.0	100
12/15/202	17:42:41 	8.654	0.0000910	0.0000002	0.1114084	0.0001678	23.1	29.0	100
12/15/202	17:43:03 	8.773	0.0000928	0.0000003	0.1133621	0.0003201	23.1	29.0	100
12/15/202	17:43:25 	8.890	0.0000940	0.0000000	0.1153608	0.0001982	23.1	29.0	100
12/15/202	17:43:47 	9.013	0.0000959	0.0000002	0.1171711	0.0003717	23.1	29.0	100
12/15/202	17:44:09 	9.157	0.0000970	0.0000000	0.1188940	0.0002004	23.1	29.0	98
12/15/202	17:44:31 	9.289	0.0000990	0.0000000	0.1208447	0.0001438	23.1	29.0	98
12/15/202	17:44:53 	9.417	0.0001002	0.0000004	0.1230787	0.0003546	23.1	29.0	100
12/15/202	17:45:14 	9.533	0.0001020	0.0000000	0.1251934	0.0001446	23.1	29.0	100
12/15/202	17:45:36 	9.652	0.0001032	0.0000004	0.1269111	0.0002551	23.1	29.0	96
12/15/202	17:45:58 	9.770	0.0001050	0.0000000	0.1290573	0.0001739	23.1	29.0	100
12/15/202	17:46:20 	9.902	0.0001070	0.0000000	0.1312795	0.0004252	23.1	29.0	100
12/15/202	17:46:42 	10.021	0.0001080	0.0000002	0.1329890	0.0004831	23.1	29.0	100
12/15/202	17:47:04 	10.147	0.0001100	0.0000000	0.1349913	0.0003274	23.1	29.0	100
12/15/202	17:47:26 	10.265	0.0001111	0.0000003	0.1370059	0.0001928	23.1	29.0	100
12/15/202	17:47:48 	10.385	0.0001129	0.0000002	0.1390186	0.0002124	23.1	29.0	100
12/15/202	17:48:09 	10.506	0.0001148	0.0000003	0.1408288	0.0002408	23.1	29.0	98
12/15/202	17:48:31 	10.626	0.0001160	0.0000001	0.1427200	0.0004206	23.1	29.0	100
12/15/202	17:48:53 	10.752	0.0001180	0.0000001	0.1448347	0.0003151	23.1	29.0	100
12/15/202	17:49:15 	10.878	0.0001192	0.0000004	0.1466759	0.0001279	23.1	29.0	100
12/15/202	17:49:37 	11.006	0.0001209	0.0000002	0.1486698	0.0002154	23.1	29.0	98
12/15/202	17:49:59 	11.126	0.0001230	0.0000004	0.1511422	0.0005553	23.1	29.0	97
12/15/202	17:50:21 	11.237	0.0001246	0.0000004	0.1532792	0.0006420	23.1	29.0	100
12/15/202	17:50:43 	11.361	0.0001259	0.0000001	0.1549078	0.0002777	23.1	29.0	100
12/15/202	17:51:04 	11.492	0.0001271	0.0000003	0.1565977	0.0004134	23.1	29.0	100
12/15/202	17:51:26 	11.652	0.0001292	0.0000004	0.1588245	0.0005750	23.2	29.0	100
12/15/202	17:51:48 	11.782	0.0001308	0.0000008	0.1615538	0.0012226	23.2	29.0	100
12/15/202	17:52:10 	11.889	0.0001325	0.0000007	0.1632667	0.0009403	23.2	29.0	100
12/15/202	17:52:32 	12.001	0.0001336	0.0000005	0.1651769	0.0006860	23.2	29.0	100
12/15/202	17:52:54 	12.108	0.0001358	0.0000010	0.1678351	0.0012579	23.2	29.0	98
12/15/202	17:53:16 	12.237	0.0001370	0.0000001	0.1695553	0.0009321	23.1	29.0	97
12/15/202	17:53:38 	12.371	0.0001394	0.0000010	0.1716998	0.0009430	23.1	29.0	99
12/15/202	17:54:00 	12.476	0.0001417	0.0000011	0.1753710	0.0018415	23.1	29.0	100
12/15/202	17:54:21 	12.600	0.0001420	0.0000001	0.1751698	0.0003225	23.1	29.0	100
12/15/202	17:54:43 	12.720	0.0001432	0.0000004	0.1773453	0.0003565	23.1	29.0	100
12/15/202	17:55:05 	12.843	0.0001447	0.0000004	0.1792207	0.0003884	23.2	29.0	99
12/15/202	17:55:27 	12.958	0.0001461	0.0000004	0.1810071	0.0005797	23.2	29.0	100
12/15/202	17:55:49 	13.090	0.0001480	0.0000002	0.1829351	0.0009342	23.2	29.0	100
12/15/202	17:56:11 	13.207	0.0001490	0.0000003	0.1847426	0.0009563	23.2	29.0	100
12/15/202	17:56:33 	13.331	0.0001511	0.0000004	0.1869105	0.0008931	23.2	29.0	98
12/15/202	17:56:55 	13.442	0.0001522	0.0000005	0.1880257	0.0005240	23.2	29.0	98
12/15/202	17:57:16 	13.565	0.0001540	0.0000001	0.1898634	0.0004744	23.2	29.0	100
12/15/202	17:57:38 	13.678	0.0001550	0.0000000	0.1913098	0.0004407	23.2	29.0	100
12/15/202	17:58:00 	13.801	0.0001570	0.0000000	0.1929800	0.0001440	23.2	29.0	98
12/15/202	17:58:22 	13.915	0.0001580	0.0000000	0.1948643	0.0006280	23.2	29.0	97
12/15/202	17:58:44 	14.063	0.0001600	0.0000000	0.1965103	0.0000717	23.2	29.0	100
12/15/202	17:59:06 	14.184	0.0001609	0.0000001	0.1981145	0.0008111	23.2	29.0	100
12/15/202	17:59:28 	14.310	0.0001630	0.0000000	0.2000669	0.0001684	23.2	29.0	99
12/15/202	17:59:50 	14.432	0.0001641	0.0000003	0.2017987	0.0004331	23.2	29.0	100
12/15/202	18:00:12 	14.558	0.0001660	0.0000000	0.2037229	0.0001800	23.2	29.0	100
12/15/202	18:00:33 	14.675	0.0001670	0.0000000	0.2052462	0.0001277	23.2	29.0	100
12/15/202	18:00:55 	14.791	0.0001689	0.0000001	0.2066794	0.0001079	23.2	29.0	99
12/15/202	18:01:17 	14.909	0.0001700	0.0000000	0.2081537	0.0003440	23.2	29.0	100
12/15/202	18:01:39 	15.027	0.0001713	0.0000004	0.2101043	0.0002445	23.2	29.0	98
12/15/202	18:02:01 	15.146	0.0001730	0.0000001	0.2120168	0.0004801	23.2	29.0	97
12/15/202	18:02:23 	15.269	0.0001747	0.0000004	0.2137316	0.0002445	23.2	29.0	98
12/15/202	18:02:45 	15.395	0.0001761	0.0000004	0.2160234	0.0006590	23.2	29.0	100
12/15/202	18:03:07 	15.521	0.0001778	0.0000003	0.2174859	0.0002783	23.2	29.0	99
12/15/202	18:03:28 	15.638	0.0001790	0.0000000	0.2191183	0.0001389	23.2	29.0	100
12/15/202	18:03:50 	15.757	0.0001808	0.0000003	0.2207328	0.0005931	23.2	29.0	100
12/15/202	18:04:12 	15.884	0.0001819	0.0000002	0.2229205	0.0006272	23.2	29.0	100
12/15/202	18:04:34 	15.999	0.0001831	0.0000003	0.2243528	0.0003562	23.2	29.0	100
12/15/202	18:04:56 	16.120	0.0001850	0.0000000	0.2264943	0.0001354	23.2	29.0	100
12/15/202	18:05:18 	16.245	0.0001862	0.0000005	0.2276928	0.0004700	23.2	29.0	100
12/15/202	18:05:40 	16.366	0.0001880	0.0000000	0.2299567	0.0001486	23.2	29.0	98
12/15/202	18:06:02 	16.504	0.0001895	0.0000004	0.2319344	0.0001233	23.2	29.0	97
12/15/202	18:06:24 	16.617	0.0001909	0.0000002	0.2339401	0.0002903	23.2	29.0	100
12/15/202	18:06:45 	16.727	0.0001927	0.0000005	0.2355962	0.0004874	23.2	29.0	100
12/15/202	18:07:07 	16.854	0.0001939	0.0000003	0.2376020	0.0005364	23.2	29.0	100
12/15/202	18:07:29 	16.988	0.0001960	0.0000000	0.2395951	0.0000979	23.2	29.0	100
12/15/202	18:07:51 	17.120	0.0001970	0.0000000	0.2417891	0.0001004	23.2	29.0	100
12/15/202	18:08:13 	17.241	0.0001990	0.0000000	0.2439763	0.0002423	23.2	29.0	100
12/15/202	18:08:35 	17.359	0.0001999	0.0000001	0.2453540	0.0001118	23.2	29.0	100
12/15/202	18:08:57 	17.467	0.0002020	0.0000000	0.2473176	0.0003699	23.2	29.0	99
12/15/202	18:09:19 	17.591	0.0002032	0.0000005	0.2488835	0.0005701	23.2	29.0	98
12/15/202	18:09:40 	17.714	0.0002050	0.0000000	0.2510019	0.0001764	23.2	29.0	99
12/15/202	18:10:02 	17.837	0.0002068	0.0000003	0.2528892	0.0000961	23.2	29.0	98
12/15/202	18:10:24 	17.961	0.0002080	0.0000000	0.2548069	0.0001571	23.2	29.0	99
12/15/202	18:10:46 	18.077	0.0002098	0.0000004	0.2564552	0.0003984	23.2	29.0	100
12/15/202	18:11:08 	18.199	0.0002109	0.0000001	0.2584006	0.0002906	23.2	29.0	96
12/15/202	18:11:30 	18.321	0.0002129	0.0000001	0.2605356	0.0002690	23.2	29.0	98
12/15/202	18:11:52 	18.449	0.0002139	0.0000002	0.2627287	0.0004241	23.2	29.0	100
12/15/202	18:12:14 	18.581	0.0002160	0.0000000	0.2649583	0.0001593	23.2	29.0	100
12/15/202	18:12:35 	18.711	0.0002180	0.0000000	0.2666057	0.0001602	23.2	29.0	100
12/15/202	18:12:57 	18.831	0.0002192	0.0000004	0.2691999	0.0002129	23.2	29.0	100
12/15/202	18:13:19 	18.971	0.0002210	0.0000000	0.2712288	0.0000555	23.2	29.0	99
12/15/202	18:13:41 	19.096	0.0002230	0.0000000	0.2735046	0.0000914	23.2	29.0	99
12/15/202	18:14:03 	19.220	0.0002247	0.0000004	0.2756426	0.0001693	23.2	29.0	99
12/15/202	18:14:25 	19.344	0.0002260	0.0000000	0.2775123	0.0001260	23.2	29.0	98
12/15/202	18:14:47 	19.466	0.0002279	0.0000002	0.2798692	0.0002194	23.2	29.0	99
12/15/202	18:15:09 	19.591	0.0002290	0.0000000	0.2817645	0.0001890	23.2	29.0	96
12/15/202	18:15:30 	19.712	0.0002310	0.0000000	0.2836780	0.0001034	23.2	29.0	96
12/15/202	18:15:52 	19.830	0.0002323	0.0000004	0.2858645	0.0001390	23.2	29.0	100
12/15/202	18:16:14 	19.957	0.0002340	0.0000000	0.2876315	0.0000623	23.2	29.0	100
12/15/202	18:16:36 	20.086	0.0002360	0.0000000	0.2898858	0.0001163	23.2	29.0	100
12/15/202	18:16:58 	20.204	0.0002370	0.0000000	0.2917115	0.0000946	23.2	29.0	100
12/15/202	18:17:20 	20.324	0.0002390	0.0000001	0.2940875	0.0004159	23.2	29.0	100
12/15/202	18:17:42 	20.441	0.0002410	0.0000001	0.2961755	0.0001734	23.2	29.0	99
12/15/202	18:18:04 	20.573	0.0002422	0.0000006	0.2983803	0.0006031	23.2	29.0	100
12/15/202	18:18:26 	20.695	0.0002440	0.0000000	0.3006135	0.0000886	23.2	29.0	100
12/15/202	18:18:47 	20.816	0.0002450	0.0000001	0.3021901	0.0002071	23.2	29.0	100
12/15/202	18:19:09 	20.935	0.0002471	0.0000004	0.3044671	0.0001932	23.2	29.0	100
12/15/202	18:19:31 	21.071	0.0002492	0.0000007	0.3066614	0.0013228	23.2	29.0	96
12/15/202	18:19:53 	21.184	0.0002500	0.0000000	0.3083989	0.0010317	23.2	29.0	97
12/15/202	18:20:15 	21.316	0.0002520	0.0000001	0.3107463	0.0007702	23.2	29.0	99
12/15/202	18:20:37 	21.467	0.0002540	0.0000003	0.3126815	0.0003446	23.2	29.0	100
12/15/202	18:20:59 	21.588	0.0002553	0.0000007	0.3151849	0.0016608	23.2	29.0	100
12/15/202	18:21:21 	21.719	0.0002571	0.0000005	0.3171395	0.0007306	23.2	29.0	100
12/15/202	18:21:43 	21.826	0.0002582	0.0000005	0.3183426	0.0003531	23.2	29.0	100
12/15/202	18:22:05 	21.947	0.0002600	0.0000002	0.3197174	0.0004007	23.2	29.0	100
12/15/202	18:22:26 	22.071	0.0002610	0.0000000	0.3219724	0.0000701	23.2	29.0	99
12/15/202	18:22:48 	22.184	0.0002630	0.0000000	0.3236745	0.0001192	23.2	29.0	99
12/15/202	18:23:10 	22.301	0.0002640	0.0000001	0.3259718	0.0002246	23.2	29.0	100
12/15/202	18:23:32 	22.425	0.0002660	0.0000002	0.3275281	0.0004661	23.2	29.0	100
12/15/202	18:23:54 	22.548	0.0002669	0.0000002	0.3291418	0.0010271	23.2	28.0	99
12/15/202	18:24:16 	22.673	0.0002690	0.0000000	0.3308335	0.0001262	23.2	28.0	96
12/15/202	18:24:38 	22.794	0.0002700	0.0000000	0.3323791	0.0001347	23.2	28.0	100
12/15/202	18:25:00 	22.911	0.0002717	0.0000005	0.3341119	0.0007133	23.2	28.0	100
12/15/202	18:25:21 	23.022	0.0002730	0.0000001	0.3363375	0.0002063	23.2	28.0	99
12/15/202	18:25:43 	23.148	0.0002750	0.0000001	0.3382763	0.0002647	23.2	29.0	100
12/15/202	18:26:05 	23.274	0.0002760	0.0000001	0.3400887	0.0002235	23.2	29.0	99
12/15/202	18:26:27 	23.398	0.0002779	0.0000001	0.3415299	0.0006777	23.2	29.0	99
12/15/202	18:26:49 	23.520	0.0002789	0.0000001	0.3429824	0.0013946	23.2	29.0	100
12/15/202	18:27:11 	23.632	0.0002807	0.0000004	0.3448651	0.0010717	23.2	29.0	100
12/15/202	18:27:33 	23.761	0.0002820	0.0000003	0.3470008	0.0012067	23.3	29.0	99
12/15/202	18:27:55 	23.890	0.0002839	0.0000002	0.3490764	0.0005957	23.3	29.0	97
12/15/202	18:28:16 	24.029	0.0002850	0.0000002	0.3506047	0.0003255	23.3	29.0	98
12/15/202	18:28:38 	24.156	0.0002868	0.0000009	0.3525110	0.0007373	23.3	29.0	100
12/15/202	18:29:00 	24.271	0.0002882	0.0000006	0.3537514	0.0009389	23.3	29.0	100
12/15/202	18:29:22 	24.381	0.0002889	0.0000003	0.3550458	0.0004727	23.2	29.0	100
12/15/202	18:29:44 	24.513	0.0002910	0.0000003	0.3565759	0.0004880	23.2	29.0	100
12/15/202	18:30:06 	24.627	0.0002920	0.0000005	0.3585320	0.0003881	23.2	29.0	100
12/15/202	18:30:28 	24.752	0.0002939	0.0000002	0.3605408	0.0009487	23.2	29.0	100
12/15/202	18:30:50 	24.870	0.0002950	0.0000000	0.3619905	0.0001261	23.2	29.0	100
12/15/202	18:31:12 	24.991	0.0002970	0.0000007	0.3634316	0.0007401	23.3	29.0	99
12/15/202	18:31:33 	25.099	0.0002979	0.0000005	0.3648245	0.0009964	23.3	29.0	100
12/15/202	18:31:55 	25.209	0.0002999	0.0000002	0.3671897	0.0002235	23.3	29.0	97
12/15/202	18:32:17 	25.339	0.0003009	0.0000003	0.3682632	0.0006750	23.3	29.0	97
12/15/202	18:32:39 	25.479	0.0003029	0.0000001	0.3701080	0.0001146	23.3	29.0	100
12/15/202	18:33:01 	25.585	0.0003040	0.0000000	0.3719122	0.0002896	23.3	29.0	100
12/15/202	18:33:23 	25.698	0.0003058	0.0000004	0.3737134	0.0004455	23.3	29.0	100
12/15/202	18:33:45 	25.818	0.0003067	0.0000008	0.3747274	0.0022292	23.3	29.0	100
12/15/202	18:34:07 	25.950	0.0003089	0.0000001	0.3773747	0.0001365	23.3	29.0	100
12/15/202	18:34:28 	26.068	0.0003102	0.0000008	0.3795506	0.0009088	23.3	29.0	100
12/15/202	18:34:50 	26.187	0.0003122	0.0000011	0.3823690	0.0017697	23.3	29.0	100
12/15/202	18:35:12 	26.315	0.0003129	0.0000005	0.3829765	0.0008473	23.3	29.0	100
12/15/202	18:35:34 	26.472	0.0003147	0.0000006	0.3854753	0.0009937	23.3	29.0	98
12/15/202	18:35:56 	26.616	0.0003169	0.0000001	0.3877852	0.0007193	23.3	29.0	98
12/15/202	18:36:18 	26.722	0.0003180	0.0000004	0.3893953	0.0008411	23.3	29.0	96
12/15/202	18:36:40 	26.839	0.0003200	0.0000002	0.3931843	0.0015703	23.3	29.0	96
12/15/202	18:37:02 	26.971	0.0003221	0.0000004	0.3951779	0.0006946	23.3	29.0	96
12/15/202	18:37:24 	27.102	0.0003240	0.0000001	0.3972370	0.0006392	23.3	29.0	100
12/15/202	18:37:45 	27.235	0.0003258	0.0000004	0.3992297	0.0003337	23.3	29.0	100
12/15/202	18:38:07 	27.367	0.0003284	0.0000009	0.4030780	0.0019957	23.3	29.0	100
12/15/202	18:38:29 	27.493	0.0003308	0.0000020	0.4076179	0.0039754	23.3	29.0	100
12/15/202	18:38:51 	27.662	0.0003327	0.0000022	0.4092787	0.0042126	23.3	29.0	100
12/15/202	18:39:13 	27.758	0.0003331	0.0000006	0.4085485	0.0008083	23.3	29.0	100
12/15/202	18:39:35 	27.890	0.0003345	0.0000012	0.4118839	0.0018674	23.3	29.0	100
12/15/202	18:39:57 	28.036	0.0003378	0.0000027	0.4156718	0.0049988	23.3	29.0	100
12/15/202	18:40:19 	28.106	0.0003388	0.0000019	0.4179253	0.0038034	23.3	29.0	100
12/15/202	18:40:40 	28.225	0.0003393	0.0000013	0.4178525	0.0018546	23.3	29.0	97
12/15/202	18:41:02 	28.353	0.0003410	0.0000005	0.4195100	0.0006978	23.3	29.0	98
12/15/202	18:41:24 	28.467	0.0003425	0.0000005	0.4215371	0.0006742	23.3	29.0	100
12/15/202	18:41:46 	28.587	0.0003442	0.0000006	0.4240390	0.0012819	23.3	29.0	100
12/15/202	18:42:08 	28.702	0.0003451	0.0000004	0.4249908	0.0003893	23.2	29.0	100
12/15/202	18:42:30 	28.839	0.0003473	0.0000011	0.4267355	0.0015013	23.2	29.0	100
12/15/202	18:42:52 	28.986	0.0003480	0.0000000	0.4281071	0.0002608	23.2	29.0	99
12/15/202	18:43:14 	29.117	0.0003500	0.0000005	0.4301700	0.0014266	23.2	29.0	100
12/15/202	18:43:35 	29.230	0.0003510	0.0000000	0.4315588	0.0003595	23.2	29.0	100
12/15/202	18:43:57 	29.347	0.0003520	0.0000002	0.4328263	0.0001756	23.3	29.0	100
12/15/202	18:44:19 	29.471	0.0003540	0.0000001	0.4345125	0.0005594	23.3	29.0	98
12/15/202	18:44:41 	29.591	0.0003554	0.0000005	0.4364822	0.0002842	23.3	29.0	100
12/15/202	18:45:03 	29.716	0.0003570	0.0000003	0.4383028	0.0007432	23.3	29.0	100
12/15/202	18:45:25 	29.829	0.0003580	0.0000004	0.4392526	0.0005771	23.3	29.0	98
12/15/202	18:45:47 	29.953	0.0003590	0.0000000	0.4403738	0.0001199	23.3	29.0	100
12/15/202	18:46:09 	30.067	0.0003603	0.0000004	0.4420230	0.0003492	23.3	29.0	100
12/15/202	18:46:31 	30.180	0.0003610	0.0000003	0.4431051	0.0002017	23.3	29.0	100
12/15/202	18:46:52 	30.290	0.0003630	0.0000000	0.4446522	0.0001798	23.3	29.0	100
12/15/202	18:47:14 	30.396	0.0003637	0.0000008	0.4454712	0.0021003	23.3	29.0	100
12/15/202	18:47:36 	30.523	0.0003646	0.0000012	0.4467800	0.0012840	23.3	29.0	100
12/15/202	18:47:58 	30.634	0.0003660	0.0000004	0.4483489	0.0010090	23.3	29.0	99
12/15/202	18:48:20 	30.755	0.0003680	0.0000000	0.4502817	0.0006421	23.3	29.0	99
12/15/202	18:48:42 	30.862	0.0003689	0.0000001	0.4516426	0.0003499	23.3	29.0	100
12/15/202	18:49:04 	30.975	0.0003710	0.0000000	0.4538090	0.0001639	23.3	29.0	98
12/15/202	18:49:26 	31.088	0.0003718	0.0000007	0.4547098	0.0011162	23.3	29.0	96
12/15/202	18:49:47 	31.215	0.0003729	0.0000005	0.4554591	0.0017416	23.3	29.0	98
12/15/202	18:50:09 	31.358	0.0003740	0.0000001	0.4573286	0.0003487	23.3	29.0	100
12/15/202	18:50:31 	31.482	0.0003757	0.0000009	0.4586533	0.0017072	23.3	29.0	100
12/15/202	18:50:53 	31.607	0.0003772	0.0000004	0.4614581	0.0004122	23.3	29.0	100
12/15/202	18:51:15 	31.720	0.0003794	0.0000004	0.4635710	0.0003782	23.3	29.0	100
12/15/202	18:51:37 	31.831	0.0003801	0.0000003	0.4646009	0.0001527	23.3	29.0	100
12/15/202	18:51:59 	31.949	0.0003820	0.0000001	0.4665873	0.0002886	23.3	29.0	100
12/15/202	18:52:21 	32.066	0.0003830	0.0000000	0.4680802	0.0001485	23.3	29.0	99
12/15/202	18:52:42 	32.195	0.0003845	0.0000005	0.4692976	0.0007929	23.3	29.0	100
12/15/202	18:53:04 	32.316	0.0003860	0.0000000	0.4709163	0.0012182	23.3	29.0	100
12/15/202	18:53:26 	32.441	0.0003875	0.0000005	0.4729926	0.0001820	23.3	29.0	99
12/15/202	18:53:48 	32.529	0.0003890	0.0000000	0.4747558	0.0008689	23.3	29.0	97
12/15/202	18:54:10 	32.660	0.0003906	0.0000006	0.4764564	0.0005275	23.3	29.0	98
12/15/202	18:54:32 	32.759	0.0003923	0.0000007	0.4789363	0.0013850	23.3	29.0	100
12/15/202	18:54:54 	32.892	0.0003940	0.0000001	0.4804232	0.0002186	23.3	29.0	100
12/15/202	18:55:16 	33.005	0.0003960	0.0000001	0.4829110	0.0013043	23.3	29.0	100
12/15/202	18:55:38 	33.127	0.0003970	0.0000007	0.4848507	0.0010368	23.3	29.0	100
12/15/202	18:55:59 	33.247	0.0003996	0.0000024	0.4872047	0.0028765	23.3	29.0	100
12/15/202	18:56:21 	33.365	0.0004010	0.0000002	0.4891120	0.0008595	23.3	29.0	99
12/15/202	18:56:43 	33.501	0.0004030	0.0000003	0.4917695	0.0008803	23.3	28.0	100
12/15/202	18:57:05 	33.440	0.0004040	0.0000010	0.4930286	0.0011357	23.3	28.0	100
12/15/202	18:57:27 	33.694	0.0004064	0.0000012	0.4959118	0.0019333	23.3	28.0	98
12/15/202	18:57:49 	33.866	0.0004085	0.0000015	0.4980967	0.0014546	23.3	28.0	98
12/15/202	18:58:11 	33.993	0.0004093	0.0000010	0.4983771	0.0005662	23.3	28.0	100
12/15/202	18:58:33 	34.129	0.0004107	0.0000014	0.5006738	0.0010742	23.3	29.0	96
12/15/202	18:58:55 	34.182	0.0004133	0.0000012	0.5037247	0.0011058	23.3	29.0	100
12/15/202	18:59:17 	34.371	0.0004146	0.0000011	0.5066494	0.0018244	23.3	29.0	98
12/15/202	18:59:38 	34.499	0.0004162	0.0000014	0.5076066	0.0015308	23.3	29.0	100
12/15/202	19:00:00 	34.664	0.0004202	0.0000036	0.5120643	0.0032725	23.3	29.0	100
12/15/202	19:00:22 	34.765	0.0004191	0.0000005	0.5128737	0.0022742	23.3	29.0	100
12/15/202	19:00:44 	34.906	0.0004214	0.0000019	0.5147679	0.0016081	23.3	29.0	100
12/15/202	19:01:06 	34.984	0.0004228	0.0000006	0.5161287	0.0002977	23.3	29.0	98
12/15/202	19:01:28 	35.179	0.0004262	0.0000018	0.5210885	0.0031064	23.3	29.0	100
12/15/202	19:01:50 	35.323	0.0004267	0.0000009	0.5219160	0.0007453	23.3	29.0	98
12/15/202	19:02:12 	35.450	0.0004286	0.0000004	0.5246610	0.0006044	23.2	29.0	96
12/15/202	19:02:34 	35.602	0.0004300	0.0000004	0.5266711	0.0004813	23.2	29.0	98
12/15/202	19:02:55 	35.675	0.0004317	0.0000005	0.5284182	0.0004710	23.2	29.0	97
12/15/202	19:03:17 	35.802	0.0004329	0.0000010	0.5294883	0.0008769	23.2	29.0	100
12/15/202	19:03:39 	35.871	0.0004336	0.0000009	0.5304974	0.0007804	23.2	29.0	100
12/15/202	19:04:01 	36.013	0.0004348	0.0000013	0.5318698	0.0018521	23.3	29.0	100
12/15/202	19:04:23 	36.127	0.0004359	0.0000003	0.5327905	0.0010439	23.3	29.0	99
12/15/202	19:04:45 	36.241	0.0004371	0.0000004	0.5355184	0.0005298	23.3	29.0	100
12/15/202	19:05:07 	36.388	0.0004396	0.0000015	0.5381690	0.0013490	23.3	29.0	100
12/15/202	19:05:29 	36.479	0.0004403	0.0000004	0.5394192	0.0003031	23.3	29.0	99
12/15/202	19:05:50 	36.671	0.0004418	0.0000003	0.5407764	0.0004708	23.2	28.0	99
12/15/202	19:06:12 	36.767	0.0004430	0.0000002	0.5427167	0.0003005	23.2	28.0	100
12/15/202	19:06:34 	36.879	0.0004448	0.0000008	0.5443576	0.0006399	23.2	28.0	97
12/15/202	19:06:56 	36.957	0.0004466	0.0000013	0.5473240	0.0013693	23.2	28.0	97
12/15/202	19:07:18 	37.085	0.0004476	0.0000014	0.5476548	0.0019397	23.2	28.0	96
12/15/202	19:07:40 	37.256	0.0004486	0.0000004	0.5490403	0.0003026	23.3	29.0	100
12/15/202	19:08:02 	37.366	0.0004508	0.0000003	0.5519472	0.0010165	23.3	29.0	100
12/15/202	19:08:24 	37.487	0.0004502	0.0000028	0.5518271	0.0028279	23.3	29.0	99
12/15/202	19:08:45 	37.569	0.0004522	0.0000013	0.5532356	0.0011527	23.3	29.0	100
12/15/202	19:09:07 	37.702	0.0004545	0.0000014	0.5548152	0.0047317	23.3	29.0	100
12/15/202	19:09:29 	37.805	0.0004569	0.0000004	0.5582704	0.0007291	23.2	29.0	98
12/15/202	19:09:51 	37.909	0.0004576	0.0000004	0.5596826	0.0005297	23.2	29.0	99
12/15/202	19:10:13 	37.973	0.0004600	0.0000000	0.5626053	0.0008751	23.2	29.0	100
12/15/202	19:10:35 	38.096	0.0004636	0.0000033	0.5665417	0.0046673	23.2	29.0	100
12/15/202	19:10:57 	38.228	0.0004637	0.0000008	0.5665896	0.0005530	23.2	29.0	98
12/15/202	19:11:19 	38.347	0.0004651	0.0000008	0.5686024	0.0011902	23.3	29.0	97
12/15/202	19:11:41 	38.467	0.0004664	0.0000006	0.5702144	0.0008534	23.3	29.0	100
12/15/202	19:12:02 	38.563	0.0004683	0.0000005	0.5724661	0.0017066	23.3	29.0	100
12/15/202	19:12:24 	38.686	0.0004699	0.0000003	0.5741448	0.0009207	23.3	29.0	100
12/15/202	19:12:46 	38.831	0.0004709	0.0000003	0.5743346	0.0007435	23.3	29.0	100
12/15/202	19:13:08 	38.950	0.0004717	0.0000004	0.5753296	0.0011365	23.2	29.0	100
12/15/202	19:13:30 	39.058	0.0004749	0.0000038	0.5798326	0.0052064	23.2	29.0	100
12/15/202	19:13:52 	39.162	0.0004757	0.0000010	0.5815350	0.0025440	23.2	29.0	100
12/15/202	19:14:14 	39.288	0.0004785	0.0000009	0.5855808	0.0019757	23.2	29.0	100
12/15/202	19:14:36 	39.390	0.0004795	0.0000005	0.5868459	0.0007947	23.2	29.0	96
12/15/202	19:14:57 	39.508	0.0004820	0.0000002	0.5907890	0.0008371	23.2	29.0	97
12/15/202	19:15:19 	39.613	0.0004842	0.0000004	0.5934470	0.0005780	23.2	29.0	98
12/15/202	19:15:41 	39.724	0.0004872	0.0000011	0.5979198	0.0006637	23.2	29.0	97
12/15/202	19:16:03 	39.830	0.0004890	0.0000000	0.6009727	0.0008716	23.2	29.0	99
12/15/202	19:16:25 	39.941	0.0004910	0.0000000	0.6031559	0.0002435	23.2	29.0	100
12/15/202	19:16:47 	40.044	0.0004920	0.0000008	0.6049071	0.0003656	23.2	29.0	100
12/15/202	19:17:09 	40.149	0.0004947	0.0000004	0.6079563	0.0005597	23.2	29.0	100
12/15/202	19:17:31 	40.280	0.0004960	0.0000001	0.6099983	0.0002388	23.2	29.0	100
12/15/202	19:17:53 	40.403	0.0004976	0.0000007	0.6116976	0.0008974	23.2	29.0	100
12/15/202	19:18:14 	40.549	0.0004991	0.0000004	0.6137010	0.0005927	23.2	29.0	99
12/15/202	19:18:36 	40.655	0.0005006	0.0000017	0.6153907	0.0021265	23.3	29.0	99
12/15/202	19:18:58 	40.794	0.0005021	0.0000005	0.6175973	0.0008236	23.3	29.0	99
12/15/202	19:19:20 	40.916	0.0005042	0.0000004	0.6212654	0.0007264	23.3	29.0	98
12/15/202	19:19:42 	41.023	0.0005055	0.0000004	0.6222728	0.0004786	23.3	29.0	98
12/15/202	19:20:04 	41.138	0.0005069	0.0000002	0.6235020	0.0003561	23.3	29.0	96
12/15/202	19:20:26 	41.311	0.0005073	0.0000004	0.6239756	0.0005314	23.2	29.0	99
12/15/202	19:20:48 	41.419	0.0005089	0.0000007	0.6257215	0.0008577	23.2	29.0	99
12/15/202	19:21:10 	41.542	0.0005107	0.0000007	0.6279857	0.0020765	23.2	29.0	100
12/15/202	19:21:32 	41.676	0.0005118	0.0000004	0.6288737	0.0010157	23.2	29.0	100
12/15/202	19:21:54 	41.801	0.0005128	0.0000007	0.6301182	0.0012673	23.2	29.0	100
12/15/202	19:22:16 	41.929	0.0005134	0.0000006	0.6305827	0.0007548	23.2	29.0	100
12/15/202	19:22:38 	42.070	0.0005153	0.0000010	0.6324364	0.0021490	23.2	29.0	99
