12/15/202	8:48:10 A	0.000	0.0000000	0.0000000	-0.000000	0.0000002	20.2	29.0	100
12/15/202	8:48:32 A	1.422	0.0000000	0.0000000	0.0000131	0.0000002	20.2	29.0	100
12/15/202	8:48:54 A	1.430	0.0000000	0.0000000	0.0001212	0.0000002	20.2	29.0	100
12/15/202	8:49:16 A	1.492	0.0000010	0.0000000	0.0011359	0.0000002	20.2	29.0	99
12/15/202	8:49:38 A	1.502	0.0000010	0.0000000	0.0013238	0.0000002	20.2	29.0	97
12/15/202	8:49:59 A	1.519	0.0000010	0.0000000	0.0016012	0.0000004	20.2	29.0	100
12/15/202	8:50:21 A	1.547	0.0000020	0.0000000	0.0020778	0.0000013	20.2	29.0	99
12/15/202	8:50:43 A	1.676	0.0000030	0.0000000	0.0037250	0.0000754	20.2	29.0	100
12/15/202	8:51:05 A	1.790	0.0000044	0.0000004	0.0056248	0.0001447	20.2	29.0	100
12/15/202	8:51:27 A	1.897	0.0000060	0.0000000	0.0072412	0.0000994	20.2	28.0	100
12/15/202	8:51:49 A	2.011	0.0000071	0.0000003	0.0091127	0.0001439	20.2	28.0	99
12/15/202	8:52:11 A	2.127	0.0000090	0.0000000	0.0109438	0.0001437	20.2	28.0	99
12/15/202	8:52:33 A	2.244	0.0000101	0.0000003	0.0127297	0.0002194	20.2	28.0	100
12/15/202	8:52:54 A	2.362	0.0000120	0.0000000	0.0145935	0.0002524	20.2	28.0	98
12/15/202	8:53:16 A	2.470	0.0000132	0.0000004	0.0164167	0.0001522	20.2	29.0	97
12/15/202	8:53:38 A	2.584	0.0000150	0.0000000	0.0182187	0.0001005	20.2	29.0	99
12/15/202	8:54:00 A	2.699	0.0000165	0.0000005	0.0201346	0.0001104	20.2	29.0	100
12/15/202	8:54:22 A	2.815	0.0000180	0.0000000	0.0222138	0.0001335	20.2	29.0	99
12/15/202	8:54:44 A	2.936	0.0000199	0.0000001	0.0241066	0.0001953	20.2	29.0	100
12/15/202	8:55:06 A	3.056	0.0000211	0.0000003	0.0262239	0.0002151	20.2	29.0	100
12/15/202	8:55:28 A	3.161	0.0000230	0.0000000	0.0279489	0.0002332	20.2	29.0	100
12/15/202	8:55:50 A	3.277	0.0000240	0.0000000	0.0297177	0.0001450	20.2	29.0	99
12/15/202	8:56:11 A	3.392	0.0000260	0.0000000	0.0315838	0.0001743	20.2	29.0	100
12/15/202	8:56:33 A	3.508	0.0000272	0.0000004	0.0333785	0.0002006	20.2	29.0	99
12/15/202	8:56:55 A	3.622	0.0000290	0.0000000	0.0352339	0.0001994	20.2	29.0	97
12/15/202	8:57:17 A	3.736	0.0000300	0.0000001	0.0370635	0.0001362	20.2	29.0	99
12/15/202	8:57:39 A	3.854	0.0000320	0.0000000	0.0390709	0.0001256	20.2	29.0	100
12/15/202	8:58:01 A	3.970	0.0000339	0.0000001	0.0409943	0.0001677	20.2	29.0	98
12/15/202	8:58:23 A	4.116	0.0000350	0.0000000	0.0427838	0.0001273	20.2	29.0	99
12/15/202	8:58:45 A	4.229	0.0000369	0.0000001	0.0447457	0.0001569	20.2	29.0	100
12/15/202	8:59:06 A	4.344	0.0000380	0.0000001	0.0465761	0.0001534	20.2	29.0	100
12/15/202	8:59:28 A	4.458	0.0000400	0.0000000	0.0484412	0.0002080	20.2	29.0	99
12/15/202	8:59:50 A	4.574	0.0000413	0.0000004	0.0502772	0.0003519	20.2	29.0	100
12/15/202	9:00:12 A	4.681	0.0000430	0.0000000	0.0523280	0.0002517	20.2	29.0	100
12/15/202	9:00:34 A	4.797	0.0000442	0.0000004	0.0541571	0.0002385	20.1	29.0	100
12/15/202	9:00:56 A	4.908	0.0000460	0.0000000	0.0560229	0.0001927	20.1	29.0	99
12/15/202	9:01:18 A	5.026	0.0000474	0.0000004	0.0580365	0.0001916	20.1	29.0	97
12/15/202	9:01:40 A	5.142	0.0000490	0.0000000	0.0601571	0.0002682	20.1	29.0	98
12/15/202	9:02:02 A	5.260	0.0000504	0.0000004	0.0618022	0.0001763	20.1	29.0	97
12/15/202	9:02:23 A	5.367	0.0000520	0.0000000	0.0636370	0.0002086	20.2	29.0	99
12/15/202	9:02:45 A	5.473	0.0000530	0.0000003	0.0653484	0.0002643	20.2	29.0	100
12/15/202	9:03:07 A	5.590	0.0000550	0.0000000	0.0669680	0.0002518	20.2	29.0	100
12/15/202	9:03:29 A	5.697	0.0000564	0.0000004	0.0689056	0.0001823	20.2	29.0	100
12/15/202	9:03:51 A	5.813	0.0000580	0.0000000	0.0709029	0.0002885	20.2	29.0	100
12/15/202	9:04:13 A	5.939	0.0000596	0.0000004	0.0727315	0.0002518	20.1	29.0	100
12/15/202	9:04:35 A	6.043	0.0000610	0.0000000	0.0746538	0.0002219	20.1	29.0	99
12/15/202	9:04:57 A	6.163	0.0000625	0.0000005	0.0765124	0.0002470	20.1	29.0	99
12/15/202	9:05:18 A	6.302	0.0000643	0.0000004	0.0785806	0.0004787	20.1	29.0	99
12/15/202	9:05:40 A	6.392	0.0000653	0.0000004	0.0799990	0.0002134	20.1	29.0	100
12/15/202	9:06:02 A	6.497	0.0000670	0.0000000	0.0822385	0.0002689	20.1	29.0	96
12/15/202	9:06:24 A	6.640	0.0000685	0.0000005	0.0839905	0.0005532	20.1	29.0	99
12/15/202	9:06:46 A	6.760	0.0000700	0.0000000	0.0856632	0.0002493	20.1	29.0	100
12/15/202	9:07:08 A	6.857	0.0000716	0.0000004	0.0876035	0.0002699	20.1	29.0	100
12/15/202	9:07:30 A	6.976	0.0000730	0.0000000	0.0895385	0.0002219	20.1	29.0	100
12/15/202	9:07:52 A	7.094	0.0000748	0.0000003	0.0911677	0.0003220	20.2	29.0	100
12/15/202	9:08:14 A	7.210	0.0000760	0.0000001	0.0931056	0.0004058	20.2	29.0	100
12/15/202	9:08:35 A	7.319	0.0000779	0.0000002	0.0950032	0.0001258	20.2	29.0	100
12/15/202	9:08:57 A	7.441	0.0000790	0.0000000	0.0967783	0.0000758	20.2	29.0	100
12/15/202	9:09:19 A	7.552	0.0000809	0.0000001	0.0985683	0.0001657	20.2	29.0	100
12/15/202	9:09:41 A	7.655	0.0000820	0.0000002	0.1000403	0.0003468	20.1	29.0	98
12/15/202	9:10:03 A	7.768	0.0000839	0.0000002	0.1020419	0.0002586	20.1	29.0	97
12/15/202	9:10:25 A	7.888	0.0000850	0.0000001	0.1037592	0.0002528	20.1	29.0	100
12/15/202	9:10:47 A	8.002	0.0000870	0.0000000	0.1058987	0.0001927	20.1	29.0	97
12/15/202	9:11:09 A	8.127	0.0000887	0.0000004	0.1078148	0.0004624	20.1	29.0	97
12/15/202	9:11:30 A	8.237	0.0000900	0.0000001	0.1098369	0.0003012	20.1	29.0	100
12/15/202	9:11:52 A	8.353	0.0000919	0.0000001	0.1120289	0.0002868	20.1	29.0	100
12/15/202	9:12:14 A	8.471	0.0000933	0.0000004	0.1140969	0.0002516	20.1	29.0	100
12/15/202	9:12:36 A	8.572	0.0000950	0.0000001	0.1161138	0.0004457	20.1	29.0	100
12/15/202	9:12:58 A	8.684	0.0000961	0.0000003	0.1175789	0.0004046	20.1	29.0	100
12/15/202	9:13:20 A	8.818	0.0000980	0.0000000	0.1201163	0.0004336	20.1	29.0	98
12/15/202	9:13:42 A	8.929	0.0000995	0.0000005	0.1218519	0.0003374	20.1	29.0	97
12/15/202	9:14:04 A	9.060	0.0001010	0.0000001	0.1236683	0.0003584	20.1	29.0	97
12/15/202	9:14:26 A	9.180	0.0001029	0.0000001	0.1257682	0.0005214	20.1	29.0	98
12/15/202	9:14:47 A	9.289	0.0001040	0.0000000	0.1273716	0.0002716	20.1	29.0	98
12/15/202	9:15:09 A	9.410	0.0001058	0.0000003	0.1294223	0.0002051	20.1	29.0	95
12/15/202	9:15:31 A	9.524	0.0001070	0.0000000	0.1310827	0.0003321	20.1	29.0	100
12/15/202	9:15:53 A	9.636	0.0001090	0.0000000	0.1331333	0.0003316	20.1	29.0	100
12/15/202	9:16:15 A	9.757	0.0001102	0.0000004	0.1347771	0.0003196	20.1	29.0	100
12/15/202	9:16:37 A	9.862	0.0001119	0.0000002	0.1362611	0.0001905	20.1	29.0	100
12/15/202	9:16:59 A	9.960	0.0001130	0.0000000	0.1379148	0.0002069	20.1	29.0	99
12/15/202	9:17:21 A	10.079	0.0001142	0.0000004	0.1397116	0.0002057	20.1	29.0	100
12/15/202	9:17:42 A	10.187	0.0001160	0.0000000	0.1416879	0.0002430	20.1	29.0	99
12/15/202	9:18:04 A	10.308	0.0001170	0.0000001	0.1434835	0.0002106	20.1	29.0	99
12/15/202	9:18:26 A	10.425	0.0001190	0.0000000	0.1457191	0.0001554	20.1	29.0	100
12/15/202	9:18:48 A	10.541	0.0001204	0.0000004	0.1481215	0.0002799	20.1	29.0	97
12/15/202	9:19:10 A	10.668	0.0001220	0.0000001	0.1503232	0.0003997	20.1	29.0	97
12/15/202	9:19:32 A	10.785	0.0001239	0.0000003	0.1523026	0.0006642	20.1	29.0	100
12/15/202	9:19:54 A	10.892	0.0001253	0.0000004	0.1548073	0.0015490	20.1	29.0	100
12/15/202	9:20:16 A	11.029	0.0001269	0.0000003	0.1559039	0.0007460	20.1	29.0	100
12/15/202	9:20:37 A	11.156	0.0001286	0.0000005	0.1586256	0.0010142	20.1	29.0	100
12/15/202	9:20:59 A	11.287	0.0001300	0.0000002	0.1602884	0.0005208	20.1	29.0	100
12/15/202	9:21:21 A	11.387	0.0001320	0.0000007	0.1636127	0.0013331	20.1	29.0	99
12/15/202	9:21:43 A	11.495	0.0001333	0.0000004	0.1643187	0.0009938	20.1	29.0	99
12/15/202	9:22:05 A	11.616	0.0001343	0.0000004	0.1656652	0.0002641	20.1	29.0	100
12/15/202	9:22:27 A	11.764	0.0001363	0.0000004	0.1682435	0.0007571	20.0	29.0	99
12/15/202	9:22:49 A	11.856	0.0001380	0.0000005	0.1700656	0.0009183	20.0	29.0	99
12/15/202	9:23:11 A	11.995	0.0001398	0.0000008	0.1731489	0.0016047	20.0	29.0	100
12/15/202	9:23:33 A	12.058	0.0001407	0.0000006	0.1739186	0.0007696	20.0	29.0	97
12/15/202	9:23:54 A	12.179	0.0001422	0.0000005	0.1766161	0.0015757	20.0	29.0	95
12/15/202	9:24:16 A	12.304	0.0001441	0.0000003	0.1779876	0.0016200	20.0	29.0	99
12/15/202	9:24:38 A	12.409	0.0001450	0.0000002	0.1792874	0.0005095	20.0	29.0	100
12/15/202	9:25:00 A	12.509	0.0001467	0.0000004	0.1807342	0.0008691	20.0	29.0	100
12/15/202	9:25:22 A	12.620	0.0001480	0.0000000	0.1828720	0.0001832	20.0	29.0	100
12/15/202	9:25:44 A	12.734	0.0001497	0.0000004	0.1851554	0.0009225	20.0	29.0	100
12/15/202	9:26:06 A	12.839	0.0001510	0.0000000	0.1863512	0.0005331	20.1	29.0	99
12/15/202	9:26:28 A	12.951	0.0001520	0.0000000	0.1884671	0.0001853	20.1	29.0	98
12/15/202	9:26:49 A	13.057	0.0001540	0.0000000	0.1904774	0.0002922	20.1	29.0	99
12/15/202	9:27:11 A	13.175	0.0001551	0.0000003	0.1922280	0.0001283	20.1	29.0	100
12/15/202	9:27:33 A	13.277	0.0001570	0.0000000	0.1942184	0.0000697	20.1	29.0	100
12/15/202	9:27:55 A	13.389	0.0001581	0.0000003	0.1962363	0.0003910	20.1	29.0	100
12/15/202	9:28:17 A	13.504	0.0001600	0.0000000	0.1977807	0.0001757	20.1	29.0	98
12/15/202	9:28:39 A	13.608	0.0001610	0.0000000	0.1996933	0.0001975	20.1	29.0	100
12/15/202	9:29:01 A	13.726	0.0001630	0.0000000	0.2014966	0.0001789	20.1	29.0	100
12/15/202	9:29:23 A	13.840	0.0001639	0.0000001	0.2030314	0.0001489	20.1	29.0	99
12/15/202	9:29:45 A	13.950	0.0001658	0.0000003	0.2047565	0.0001107	20.0	29.0	100
12/15/202	9:30:06 A	14.091	0.0001670	0.0000000	0.2067082	0.0001215	20.0	29.0	100
12/15/202	9:30:28 A	14.201	0.0001685	0.0000004	0.2085248	0.0001288	20.0	29.0	99
12/15/202	9:30:50 A	14.317	0.0001700	0.0000000	0.2104768	0.0000478	20.0	29.0	96
12/15/202	9:31:12 A	14.433	0.0001718	0.0000003	0.2124730	0.0001091	20.0	29.0	100
12/15/202	9:31:34 A	14.546	0.0001730	0.0000000	0.2142479	0.0001203	20.0	29.0	100
12/15/202	9:31:56 A	14.665	0.0001745	0.0000005	0.2160462	0.0001069	20.0	29.0	100
12/15/202	9:32:18 A	14.765	0.0001760	0.0000000	0.2178846	0.0001074	20.0	29.0	100
12/15/202	9:32:40 A	14.883	0.0001774	0.0000005	0.2198020	0.0001272	20.0	28.0	97
12/15/202	9:33:02 A	14.992	0.0001790	0.0000000	0.2218319	0.0000386	20.0	28.0	100
12/15/202	9:33:24 A	15.107	0.0001804	0.0000004	0.2235452	0.0000866	20.0	28.0	100
12/15/202	9:33:45 A	15.220	0.0001820	0.0000000	0.2252645	0.0000576	20.0	28.0	100
12/15/202	9:34:07 A	15.331	0.0001838	0.0000003	0.2271441	0.0000522	20.0	28.0	100
12/15/202	9:34:29 A	15.445	0.0001850	0.0000000	0.2290129	0.0000395	20.0	28.0	100
12/15/202	9:34:51 A	15.554	0.0001863	0.0000004	0.2307755	0.0001873	20.0	28.0	98
12/15/202	9:35:13 A	15.669	0.0001880	0.0000000	0.2324724	0.0001683	20.0	28.0	98
12/15/202	9:35:35 A	15.774	0.0001890	0.0000001	0.2338597	0.0002762	20.0	28.0	99
12/15/202	9:35:57 A	15.892	0.0001904	0.0000005	0.2351361	0.0006103	20.0	28.0	100
12/15/202	9:36:19 A	15.998	0.0001918	0.0000003	0.2368757	0.0004902	20.0	28.0	97
12/15/202	9:36:40 A	16.110	0.0001930	0.0000000	0.2381439	0.0004173	20.0	28.0	98
12/15/202	9:37:02 A	16.214	0.0001948	0.0000004	0.2400001	0.0002529	20.0	28.0	100
12/15/202	9:37:24 A	16.331	0.0001959	0.0000001	0.2418709	0.0002411	20.0	28.0	100
12/15/202	9:37:46 A	16.438	0.0001975	0.0000005	0.2433805	0.0002413	20.0	28.0	100
12/15/202	9:38:08 A	16.582	0.0001989	0.0000001	0.2452156	0.0005760	20.0	29.0	100
12/15/202	9:38:30 A	16.683	0.0002000	0.0000000	0.2468913	0.0001869	20.0	29.0	100
12/15/202	9:38:52 A	16.798	0.0002019	0.0000003	0.2484330	0.0002891	20.0	29.0	100
12/15/202	9:39:14 A	16.909	0.0002030	0.0000001	0.2500245	0.0002850	20.0	29.0	99
12/15/202	9:39:36 A	17.013	0.0002041	0.0000003	0.2512370	0.0004937	20.0	29.0	99
12/15/202	9:39:57 A	17.130	0.0002060	0.0000000	0.2535162	0.0001541	20.0	29.0	100
12/15/202	9:40:19 A	17.241	0.0002075	0.0000004	0.2557296	0.0001711	20.0	29.0	98
12/15/202	9:40:41 A	17.351	0.0002090	0.0000000	0.2579475	0.0001648	20.0	28.0	97
12/15/202	9:41:03 A	17.473	0.0002110	0.0000000	0.2594610	0.0005113	20.0	28.0	100
12/15/202	9:41:25 A	17.589	0.0002121	0.0000003	0.2619317	0.0001189	20.0	28.0	98
12/15/202	9:41:47 A	17.698	0.0002140	0.0000000	0.2637333	0.0001073	20.0	28.0	100
12/15/202	9:42:09 A	17.812	0.0002156	0.0000004	0.2652333	0.0006342	20.0	29.0	100
12/15/202	9:42:31 A	17.922	0.0002170	0.0000000	0.2673679	0.0002656	20.0	29.0	100
12/15/202	9:42:53 A	18.044	0.0002190	0.0000004	0.2696593	0.0006139	20.0	29.0	100
12/15/202	9:43:15 A	18.147	0.0002200	0.0000000	0.2717935	0.0001640	20.0	29.0	100
12/15/202	9:43:37 A	18.259	0.0002220	0.0000000	0.2735130	0.0001229	20.0	29.0	100
12/15/202	9:43:58 A	18.380	0.0002230	0.0000000	0.2756117	0.0001100	20.0	29.0	98
12/15/202	9:44:20 A	18.494	0.0002250	0.0000000	0.2774492	0.0006947	20.0	29.0	98
12/15/202	9:44:42 A	18.602	0.0002260	0.0000002	0.2798759	0.0002869	20.0	29.0	98
12/15/202	9:45:04 A	18.725	0.0002280	0.0000000	0.2816823	0.0002662	20.0	29.0	97
12/15/202	9:45:26 A	18.844	0.0002300	0.0000000	0.2836962	0.0000726	20.0	29.0	100
12/15/202	9:45:48 A	18.978	0.0002310	0.0000001	0.2856558	0.0004046	20.0	29.0	99
12/15/202	9:46:10 A	19.098	0.0002330	0.0000000	0.2878595	0.0000921	20.0	29.0	100
12/15/202	9:46:32 A	19.212	0.0002349	0.0000001	0.2899281	0.0001285	20.0	29.0	100
12/15/202	9:46:53 A	19.334	0.0002360	0.0000001	0.2918631	0.0001788	20.0	29.0	100
12/15/202	9:47:15 A	19.526	0.0002380	0.0000000	0.2941852	0.0003899	20.0	29.0	100
12/15/202	9:47:37 A	19.564	0.0002395	0.0000005	0.2962800	0.0001759	20.0	28.0	99
12/15/202	9:47:59 A	19.686	0.0002410	0.0000000	0.2983503	0.0002494	20.0	28.0	99
12/15/202	9:48:21 A	19.795	0.0002430	0.0000000	0.3004688	0.0001068	20.0	28.0	100
12/15/202	9:48:43 A	19.910	0.0002440	0.0000001	0.3024162	0.0004331	20.0	28.0	100
12/15/202	9:49:05 A	20.023	0.0002460	0.0000000	0.3042910	0.0002712	20.0	28.0	97
12/15/202	9:49:27 A	20.138	0.0002470	0.0000001	0.3061093	0.0003190	20.0	29.0	99
12/15/202	9:49:49 A	20.240	0.0002490	0.0000001	0.3083012	0.0001772	20.0	29.0	99
12/15/202	9:50:10 A	20.352	0.0002500	0.0000001	0.3103844	0.0003561	20.0	29.0	100
12/15/202	9:50:32 A	20.480	0.0002520	0.0000000	0.3122224	0.0001589	20.0	29.0	100
12/15/202	9:50:54 A	20.600	0.0002530	0.0000001	0.3138912	0.0009440	20.0	29.0	100
12/15/202	9:51:16 A	20.706	0.0002550	0.0000000	0.3168763	0.0003256	20.0	28.0	100
12/15/202	9:51:38 A	20.812	0.0002570	0.0000000	0.3186544	0.0000879	20.0	28.0	99
12/15/202	9:52:00 A	20.928	0.0002580	0.0000001	0.3208272	0.0003712	20.0	28.0	100
12/15/202	9:52:22 A	21.048	0.0002600	0.0000000	0.3227891	0.0003658	20.0	28.0	99
12/15/202	9:52:44 A	21.167	0.0002610	0.0000001	0.3248480	0.0002410	20.0	28.0	98
12/15/202	9:53:05 A	21.277	0.0002630	0.0000001	0.3273091	0.0004779	20.0	29.0	100
12/15/202	9:53:27 A	21.383	0.0002640	0.0000001	0.3288649	0.0002109	20.0	29.0	100
12/15/202	9:53:49 A	21.536	0.0002660	0.0000000	0.3311238	0.0001920	20.0	29.0	95
12/15/202	9:54:11 A	21.649	0.0002670	0.0000000	0.3327172	0.0001764	20.0	29.0	100
12/15/202	9:54:33 A	21.758	0.0002690	0.0000000	0.3345767	0.0000943	20.0	29.0	100
12/15/202	9:54:55 A	21.858	0.0002700	0.0000000	0.3367242	0.0001950	20.0	28.0	100
12/15/202	9:55:17 A	21.964	0.0002712	0.0000004	0.3379432	0.0002766	20.0	28.0	100
12/15/202	9:55:39 A	22.087	0.0002729	0.0000002	0.3393978	0.0002744	20.0	28.0	100
12/15/202	9:56:01 A	22.210	0.0002741	0.0000003	0.3415934	0.0005123	20.0	28.0	100
12/15/202	9:56:22 A	22.335	0.0002757	0.0000004	0.3427714	0.0003729	20.0	28.0	99
12/15/202	9:56:44 A	22.429	0.0002770	0.0000000	0.3441525	0.0005704	20.0	29.0	98
12/15/202	9:57:06 A	22.536	0.0002777	0.0000005	0.3456638	0.0012313	20.0	29.0	99
12/15/202	9:57:28 A	22.624	0.0002791	0.0000005	0.3469949	0.0008355	20.0	29.0	98
12/15/202	9:57:50 A	22.747	0.0002808	0.0000004	0.3486649	0.0006894	20.0	29.0	96
12/15/202	9:58:12 A	22.855	0.0002819	0.0000004	0.3502284	0.0007300	20.0	29.0	99
12/15/202	9:58:34 A	22.957	0.0002838	0.0000006	0.3524394	0.0007067	20.0	28.0	100
12/15/202	9:58:56 A	23.078	0.0002849	0.0000002	0.3533245	0.0001658	20.0	28.0	99
12/15/202	9:59:17 A	23.164	0.0002868	0.0000008	0.3556027	0.0005042	20.0	28.0	99
12/15/202	9:59:39 A	23.298	0.0002880	0.0000001	0.3568829	0.0002368	20.0	28.0	100
12/15/202	10:00:01 	23.404	0.0002902	0.0000007	0.3587595	0.0009161	20.0	28.0	99
12/15/202	10:00:23 	23.540	0.0002913	0.0000005	0.3602895	0.0003742	20.0	29.0	100
12/15/202	10:00:45 	23.614	0.0002927	0.0000010	0.3621066	0.0006215	20.0	29.0	100
12/15/202	10:01:07 	23.675	0.0002941	0.0000004	0.3638206	0.0003432	20.0	29.0	99
12/15/202	10:01:29 	23.836	0.0002955	0.0000008	0.3658825	0.0007317	20.0	29.0	98
12/15/202	10:01:51 	23.914	0.0002975	0.0000011	0.3672635	0.0009185	20.0	29.0	99
12/15/202	10:02:13 	24.086	0.0002981	0.0000004	0.3681658	0.0004525	20.0	28.0	96
12/15/202	10:02:34 	24.199	0.0003001	0.0000005	0.3699205	0.0005255	20.0	28.0	96
12/15/202	10:02:56 	24.316	0.0003011	0.0000006	0.3708485	0.0003513	20.0	28.0	100
12/15/202	10:03:18 	24.413	0.0003035	0.0000016	0.3728533	0.0010221	20.0	28.0	100
12/15/202	10:03:40 	24.519	0.0003043	0.0000011	0.3741913	0.0007284	20.0	28.0	100
12/15/202	10:04:02 	24.638	0.0003050	0.0000002	0.3755994	0.0001573	20.0	29.0	100
12/15/202	10:04:24 	24.746	0.0003070	0.0000001	0.3769967	0.0001219	20.0	29.0	98
12/15/202	10:04:46 	24.856	0.0003081	0.0000005	0.3788050	0.0005693	20.0	29.0	99
12/15/202	10:05:08 	24.970	0.0003096	0.0000005	0.3802077	0.0001240	20.0	29.0	97
12/15/202	10:05:29 	25.081	0.0003110	0.0000001	0.3822411	0.0001900	20.0	29.0	100
12/15/202	10:05:51 	25.197	0.0003122	0.0000004	0.3837162	0.0001141	20.0	28.0	97
12/15/202	10:06:13 	25.270	0.0003141	0.0000004	0.3856074	0.0002095	20.0	28.0	98
12/15/202	10:06:35 	25.421	0.0003161	0.0000006	0.3877939	0.0006477	20.0	28.0	99
12/15/202	10:06:57 	25.539	0.0003170	0.0000002	0.3892254	0.0001031	20.0	28.0	100
12/15/202	10:07:19 	25.652	0.0003190	0.0000004	0.3912163	0.0002770	20.0	28.0	100
12/15/202	10:07:41 	25.755	0.0003209	0.0000003	0.3932774	0.0002495	20.0	28.0	100
12/15/202	10:08:03 	25.895	0.0003222	0.0000006	0.3958367	0.0003439	20.0	28.0	100
12/15/202	10:08:24 	25.992	0.0003240	0.0000000	0.3974065	0.0001850	20.0	28.0	100
12/15/202	10:08:46 	26.114	0.0003255	0.0000008	0.3995765	0.0003069	20.0	28.0	100
12/15/202	10:09:08 	26.230	0.0003272	0.0000007	0.4016705	0.0004756	20.0	28.0	100
12/15/202	10:09:30 	26.345	0.0003290	0.0000001	0.4034122	0.0001570	20.0	28.0	98
12/15/202	10:09:52 	26.492	0.0003309	0.0000003	0.4059146	0.0001420	20.0	28.0	98
12/15/202	10:10:14 	26.603	0.0003320	0.0000000	0.4078147	0.0001312	20.0	28.0	100
12/15/202	10:10:36 	26.721	0.0003339	0.0000002	0.4099877	0.0001558	20.0	28.0	99
12/15/202	10:10:58 	26.828	0.0003358	0.0000003	0.4124171	0.0002183	20.0	28.0	97
12/15/202	10:11:20 	26.936	0.0003370	0.0000002	0.4141831	0.0001720	20.0	29.0	99
12/15/202	10:11:41 	27.055	0.0003390	0.0000000	0.4160432	0.0001213	20.0	29.0	100
12/15/202	10:12:03 	27.160	0.0003400	0.0000001	0.4176590	0.0001960	20.0	29.0	100
12/15/202	10:12:25 	27.276	0.0003420	0.0000000	0.4196349	0.0002430	20.0	29.0	100
12/15/202	10:12:47 	27.385	0.0003438	0.0000003	0.4220383	0.0001560	20.0	29.0	100
12/15/202	10:13:09 	27.505	0.0003450	0.0000001	0.4241971	0.0005458	20.0	28.0	100
12/15/202	10:13:31 	27.616	0.0003470	0.0000001	0.4264395	0.0002004	20.0	28.0	100
12/15/202	10:13:53 	27.730	0.0003487	0.0000004	0.4281581	0.0002117	20.0	28.0	100
12/15/202	10:14:15 	27.841	0.0003499	0.0000001	0.4300482	0.0003178	20.0	28.0	98
12/15/202	10:14:37 	27.957	0.0003512	0.0000004	0.4315595	0.0002196	20.0	28.0	97
12/15/202	10:14:58 	28.071	0.0003530	0.0000000	0.4331549	0.0004275	20.0	28.0	100
12/15/202	10:15:20 	28.179	0.0003540	0.0000000	0.4339885	0.0002303	20.0	28.0	97
12/15/202	10:15:42 	28.290	0.0003551	0.0000003	0.4356415	0.0003063	20.0	28.0	100
12/15/202	10:16:04 	28.404	0.0003569	0.0000002	0.4367605	0.0002517	20.0	28.0	100
12/15/202	10:16:26 	28.512	0.0003579	0.0000001	0.4381214	0.0002962	20.0	28.0	99
12/15/202	10:16:48 	28.620	0.0003589	0.0000001	0.4395643	0.0004153	20.0	29.0	100
12/15/202	10:17:10 	28.728	0.0003608	0.0000003	0.4409706	0.0004238	20.0	29.0	100
12/15/202	10:17:32 	28.838	0.0003619	0.0000001	0.4427866	0.0002738	20.0	29.0	98
12/15/202	10:17:53 	28.967	0.0003630	0.0000009	0.4439785	0.0012383	20.0	29.0	99
12/15/202	10:18:15 	29.075	0.0003641	0.0000011	0.4456066	0.0017361	20.0	29.0	100
12/15/202	10:18:37 	29.175	0.0003667	0.0000004	0.4480727	0.0007581	20.0	28.0	99
12/15/202	10:18:59 	29.310	0.0003680	0.0000000	0.4503004	0.0001565	20.0	28.0	97
12/15/202	10:19:21 	29.423	0.0003699	0.0000001	0.4521772	0.0002118	20.0	28.0	100
12/15/202	10:19:43 	29.535	0.0003710	0.0000000	0.4536136	0.0001053	20.0	28.0	100
12/15/202	10:20:05 	29.647	0.0003729	0.0000003	0.4556369	0.0002730	20.0	28.0	100
12/15/202	10:20:27 	29.746	0.0003738	0.0000003	0.4564719	0.0002512	20.0	28.0	100
12/15/202	10:20:49 	29.840	0.0003749	0.0000004	0.4568952	0.0029425	20.0	28.0	100
12/15/202	10:21:10 	29.875	0.0003767	0.0000004	0.4591431	0.0013986	20.0	28.0	99
12/15/202	10:21:32 	30.051	0.0003781	0.0000004	0.4619413	0.0003900	20.0	28.0	99
12/15/202	10:21:54 	30.183	0.0003798	0.0000003	0.4632350	0.0001989	20.0	28.0	98
12/15/202	10:22:16 	30.289	0.0003809	0.0000002	0.4645002	0.0005029	20.0	28.0	99
12/15/202	10:22:38 	30.405	0.0003821	0.0000005	0.4659451	0.0005187	20.0	28.0	99
12/15/202	10:23:00 	30.460	0.0003827	0.0000010	0.4662193	0.0018550	20.0	28.0	100
12/15/202	10:23:22 	30.574	0.0003847	0.0000005	0.4682351	0.0018644	20.0	28.0	97
12/15/202	10:23:44 	30.651	0.0003858	0.0000004	0.4692077	0.0010677	20.0	28.0	97
12/15/202	10:24:05 	30.814	0.0003866	0.0000009	0.4698104	0.0015314	20.0	28.0	100
12/15/202	10:24:27 	30.928	0.0003887	0.0000004	0.4725285	0.0015154	20.0	28.0	99
12/15/202	10:24:49 	30.883	0.0003891	0.0000009	0.4722335	0.0028878	20.0	28.0	100
12/15/202	10:25:11 	30.912	0.0003906	0.0000016	0.4746310	0.0033171	20.0	28.0	100
12/15/202	10:25:33 	31.228	0.0003932	0.0000011	0.4776901	0.0024931	20.0	28.0	99
12/15/202	10:25:55 	31.383	0.0003950	0.0000001	0.4810001	0.0005459	20.0	28.0	100
12/15/202	10:26:17 	31.514	0.0003969	0.0000003	0.4829546	0.0001663	20.0	28.0	100
12/15/202	10:26:39 	31.613	0.0003981	0.0000003	0.4846566	0.0002295	20.0	28.0	98
12/15/202	10:27:01 	31.720	0.0004003	0.0000007	0.4868734	0.0002512	20.0	28.0	97
12/15/202	10:27:22 	31.770	0.0004017	0.0000009	0.4889636	0.0004564	20.0	28.0	99
12/15/202	10:27:44 	31.888	0.0004035	0.0000005	0.4912400	0.0002883	20.0	28.0	100
12/15/202	10:28:06 	31.960	0.0004051	0.0000006	0.4931303	0.0004247	20.0	28.0	97
12/15/202	10:28:28 	32.018	0.0004077	0.0000017	0.4957232	0.0010748	20.0	28.0	100
12/15/202	10:28:50 	32.281	0.0004090	0.0000009	0.4980405	0.0006230	20.0	28.0	100
12/15/202	10:29:12 	32.325	0.0004114	0.0000015	0.5005122	0.0009932	20.0	28.0	100
12/15/202	10:29:34 	32.463	0.0004124	0.0000010	0.5024504	0.0012730	20.0	28.0	99
12/15/202	10:29:56 	32.640	0.0004138	0.0000007	0.5041492	0.0007255	20.0	28.0	100
12/15/202	10:30:17 	32.758	0.0004156	0.0000004	0.5060598	0.0003470	20.0	28.0	100
12/15/202	10:30:39 	32.869	0.0004170	0.0000000	0.5078926	0.0002220	20.0	28.0	98
12/15/202	10:31:01 	32.991	0.0004189	0.0000002	0.5099512	0.0001513	20.0	28.0	98
12/15/202	10:31:23 	33.115	0.0004200	0.0000000	0.5119221	0.0001952	20.0	28.0	98
12/15/202	10:31:45 	33.239	0.0004220	0.0000000	0.5144466	0.0002467	20.0	28.0	100
12/15/202	10:32:07 	33.358	0.0004240	0.0000000	0.5164160	0.0001754	20.0	28.0	99
12/15/202	10:32:29 	33.481	0.0004250	0.0000002	0.5183521	0.0002542	20.0	28.0	100
12/15/202	10:32:51 	33.600	0.0004269	0.0000001	0.5203712	0.0000938	20.0	28.0	100
12/15/202	10:33:13 	33.730	0.0004289	0.0000002	0.5229785	0.0008600	20.1	28.0	100
12/15/202	10:33:34 	33.887	0.0004304	0.0000017	0.5237217	0.0031924	20.1	28.0	100
12/15/202	10:33:56 	33.984	0.0004329	0.0000003	0.5275966	0.0005681	20.1	28.0	100
12/15/202	10:34:18 	34.090	0.0004342	0.0000004	0.5298079	0.0003845	20.1	28.0	100
12/15/202	10:34:40 	34.214	0.0004359	0.0000001	0.5321246	0.0002967	20.1	28.0	100
12/15/202	10:35:02 	34.333	0.0004379	0.0000002	0.5342790	0.0002588	20.0	28.0	100
12/15/202	10:35:24 	34.452	0.0004393	0.0000004	0.5363844	0.0001727	20.0	28.0	99
12/15/202	10:35:46 	34.562	0.0004411	0.0000003	0.5386611	0.0001751	20.0	28.0	99
12/15/202	10:36:08 	34.675	0.0004430	0.0000000	0.5408227	0.0002352	20.0	28.0	100
12/15/202	10:36:29 	34.792	0.0004449	0.0000001	0.5428186	0.0000962	20.0	28.0	99
12/15/202	10:36:51 	34.896	0.0004456	0.0000010	0.5442296	0.0012740	20.1	28.0	100
12/15/202	10:37:13 	35.023	0.0004476	0.0000004	0.5469937	0.0003683	20.1	28.0	100
12/15/202	10:37:35 	35.115	0.0004489	0.0000005	0.5486119	0.0009383	20.1	28.0	100
12/15/202	10:37:57 	35.220	0.0004499	0.0000003	0.5498344	0.0002516	20.1	28.0	100
12/15/202	10:38:19 	35.344	0.0004508	0.0000009	0.5511465	0.0004779	20.1	28.0	100
12/15/202	10:38:41 	35.454	0.0004520	0.0000002	0.5525264	0.0001979	20.1	28.0	100
12/15/202	10:39:03 	35.529	0.0004531	0.0000006	0.5530717	0.0014127	20.1	28.0	99
12/15/202	10:39:25 	35.610	0.0004540	0.0000006	0.5543723	0.0006306	20.1	28.0	98
12/15/202	10:39:46 	35.775	0.0004553	0.0000004	0.5560236	0.0002091	20.1	28.0	100
12/15/202	10:40:08 	35.846	0.0004564	0.0000014	0.5568564	0.0019730	20.1	28.0	99
12/15/202	10:40:30 	35.950	0.0004580	0.0000000	0.5589809	0.0001934	20.1	28.0	98
12/15/202	10:40:52 	36.070	0.0004597	0.0000004	0.5607665	0.0002595	20.1	28.0	96
12/15/202	10:41:14 	36.180	0.0004606	0.0000005	0.5614419	0.0006021	20.1	28.0	100
12/15/202	10:41:36 	36.266	0.0004620	0.0000000	0.5632270	0.0000840	20.1	28.0	99
12/15/202	10:41:58 	36.393	0.0004640	0.0000001	0.5645453	0.0003672	20.1	28.0	100
12/15/202	10:42:20 	36.508	0.0004659	0.0000005	0.5663169	0.0001130	20.1	28.0	100
12/15/202	10:42:41 	36.608	0.0004670	0.0000001	0.5680292	0.0001392	20.1	28.0	100
12/15/202	10:43:03 	36.710	0.0004682	0.0000006	0.5699080	0.0001921	20.1	28.0	100
12/15/202	10:43:25 	36.826	0.0004701	0.0000004	0.5714585	0.0003542	20.1	28.0	100
12/15/202	10:43:47 	36.922	0.0004716	0.0000008	0.5727747	0.0003937	20.1	28.0	100
12/15/202	10:44:09 	37.021	0.0004730	0.0000001	0.5744305	0.0001792	20.1	28.0	98
12/15/202	10:44:31 	37.138	0.0004743	0.0000004	0.5764157	0.0002216	20.1	28.0	98
12/15/202	10:44:53 	37.229	0.0004760	0.0000000	0.5783974	0.0001956	20.1	28.0	100
12/15/202	10:45:15 	37.336	0.0004780	0.0000000	0.5803681	0.0001015	20.1	28.0	96
12/15/202	10:45:37 	37.459	0.0004796	0.0000004	0.5824459	0.0001379	20.1	28.0	98
12/15/202	10:45:58 	37.527	0.0004811	0.0000008	0.5851985	0.0025407	20.2	28.0	100
12/15/202	10:46:20 	37.668	0.0004821	0.0000003	0.5854776	0.0001389	20.2	28.0	99
12/15/202	10:46:42 	37.798	0.0004841	0.0000007	0.5871786	0.0003958	20.2	28.0	100
12/15/202	10:47:04 	37.890	0.0004864	0.0000004	0.5896126	0.0000930	20.2	28.0	100
12/15/202	10:47:26 	38.002	0.0004879	0.0000002	0.5914980	0.0001442	20.2	28.0	100
12/15/202	10:47:48 	38.131	0.0004900	0.0000002	0.5936301	0.0001612	20.2	28.0	100
12/15/202	10:48:10 	38.228	0.0004917	0.0000004	0.5950756	0.0001833	20.2	28.0	100
12/15/202	10:48:32 	38.344	0.0004937	0.0000004	0.5973940	0.0001056	20.2	28.0	100
12/15/202	10:48:54 	38.456	0.0004951	0.0000003	0.5993562	0.0001590	20.1	28.0	96
12/15/202	10:49:16 	38.574	0.0004966	0.0000004	0.6012657	0.0002824	20.1	28.0	98
12/15/202	10:49:38 	38.691	0.0004981	0.0000004	0.6027148	0.0002986	20.1	28.0	100
12/15/202	10:50:00 	38.823	0.0005000	0.0000000	0.6047890	0.0001790	20.1	28.0	100
12/15/202	10:50:22 	38.955	0.0005021	0.0000003	0.6075134	0.0003814	20.2	28.0	100
12/15/202	10:50:44 	39.052	0.0005041	0.0000003	0.6096450	0.0001306	20.2	28.0	100
12/15/202	10:51:06 	39.176	0.0005064	0.0000005	0.6118066	0.0001496	20.2	28.0	100
12/15/202	10:51:28 	39.306	0.0005078	0.0000003	0.6138640	0.0000996	20.2	28.0	99
12/15/202	10:51:50 	39.412	0.0005090	0.0000000	0.6146456	0.0002457	20.2	28.0	100
12/15/202	10:52:12 	39.522	0.0005103	0.0000004	0.6156147	0.0000801	20.2	28.0	100
12/15/202	10:52:33 	39.648	0.0005121	0.0000003	0.6177229	0.0002010	20.2	28.0	98
12/15/202	10:52:55 	39.785	0.0005136	0.0000004	0.6199020	0.0002206	20.2	28.0	98
12/15/202	10:53:17 	39.882	0.0005145	0.0000005	0.6213011	0.0002023	20.2	28.0	100
12/15/202	10:53:39 	40.026	0.0005151	0.0000004	0.6224913	0.0002557	20.2	28.0	98
12/15/202	10:54:01 	40.129	0.0005165	0.0000005	0.6245708	0.0005954	20.2	28.0	100
12/15/202	10:54:23 	40.239	0.0005175	0.0000005	0.6258708	0.0003909	20.2	28.0	100
12/15/202	10:54:45 	40.359	0.0005188	0.0000003	0.6264447	0.0018052	20.2	28.0	99
12/15/202	10:55:07 	40.457	0.0005209	0.0000009	0.6291710	0.0003724	20.2	28.0	100
12/15/202	10:55:29 	40.598	0.0005220	0.0000008	0.6307432	0.0004524	20.2	28.0	99
12/15/202	10:55:51 	40.717	0.0005241	0.0000005	0.6326425	0.0003889	20.2	28.0	100
12/15/202	10:56:12 	40.815	0.0005261	0.0000003	0.6338812	0.0007532	20.2	28.0	100
12/15/202	10:56:34 	40.929	0.0005270	0.0000003	0.6356595	0.0002938	20.2	28.0	100
12/15/202	10:56:56 	41.031	0.0005281	0.0000003	0.6370864	0.0005957	20.2	28.0	98
12/15/202	10:57:18 	41.115	0.0005300	0.0000005	0.6376667	0.0014488	20.2	28.0	97
12/15/202	10:57:40 	41.299	0.0005309	0.0000006	0.6380262	0.0011955	20.2	28.0	98
12/15/202	10:58:02 	41.397	0.0005316	0.0000004	0.6371742	0.0030939	20.2	28.0	99
12/15/202	10:58:24 	41.485	0.0005325	0.0000007	0.6404439	0.0004451	20.2	28.0	100
12/15/202	10:58:46 	41.620	0.0005339	0.0000001	0.6418821	0.0004869	20.2	28.0	100
12/15/202	10:59:07 	41.766	0.0005337	0.0000006	0.6421085	0.0011321	20.2	28.0	100
12/15/202	10:59:29 	41.869	0.0005345	0.0000012	0.6431555	0.0023770	20.2	28.0	100
12/15/202	10:59:51 	42.006	0.0005365	0.0000009	0.6442116	0.0007724	20.2	28.0	99
