12/15/202	4:27:21 A	0.000	0.0000000	0.0000000	0.0000004	0.0000002	21.2	29.0	100
12/15/202	4:27:43 A	1.422	0.0000000	0.0000000	0.0000137	0.0000002	21.2	29.0	100
12/15/202	4:28:05 A	1.427	0.0000000	0.0000000	0.0001222	0.0000002	21.2	29.0	100
12/15/202	4:28:27 A	1.488	0.0000010	0.0000000	0.0011326	0.0000002	21.2	29.0	99
12/15/202	4:28:49 A	1.504	0.0000010	0.0000000	0.0013176	0.0000003	21.2	29.0	100
12/15/202	4:29:11 A	1.521	0.0000010	0.0000000	0.0015880	0.0000004	21.3	29.0	100
12/15/202	4:29:33 A	1.551	0.0000020	0.0000000	0.0021302	0.0000444	21.3	29.0	100
12/15/202	4:29:54 A	1.698	0.0000030	0.0000000	0.0040731	0.0001162	21.3	29.0	100
12/15/202	4:30:16 A	1.812	0.0000050	0.0000000	0.0061483	0.0001740	21.3	29.0	99
12/15/202	4:30:38 A	1.934	0.0000062	0.0000004	0.0081500	0.0002029	21.3	29.0	99
12/15/202	4:31:00 A	2.054	0.0000080	0.0000000	0.0101192	0.0002041	21.3	29.0	98
12/15/202	4:31:22 A	2.175	0.0000099	0.0000002	0.0122852	0.0002422	21.3	29.0	97
12/15/202	4:31:44 A	2.290	0.0000110	0.0000000	0.0138739	0.0001613	21.3	29.0	99
12/15/202	4:32:06 A	2.405	0.0000129	0.0000002	0.0157868	0.0001661	21.3	29.0	100
12/15/202	4:32:28 A	2.522	0.0000140	0.0000000	0.0176416	0.0001184	21.3	29.0	100
12/15/202	4:32:49 A	2.642	0.0000159	0.0000002	0.0195437	0.0002001	21.3	29.0	99
12/15/202	4:33:11 A	2.757	0.0000170	0.0000000	0.0213838	0.0001791	21.3	29.0	100
12/15/202	4:33:33 A	2.880	0.0000190	0.0000000	0.0233520	0.0001982	21.3	29.0	99
12/15/202	4:33:55 A	2.997	0.0000200	0.0000002	0.0252156	0.0002141	21.3	29.0	100
12/15/202	4:34:17 A	3.116	0.0000220	0.0000000	0.0272249	0.0002251	21.3	29.0	100
12/15/202	4:34:39 A	3.235	0.0000234	0.0000004	0.0291282	0.0002637	21.3	29.0	98
12/15/202	4:35:01 A	3.351	0.0000250	0.0000000	0.0310713	0.0001927	21.3	29.0	98
12/15/202	4:35:23 A	3.461	0.0000266	0.0000004	0.0327888	0.0003031	21.3	29.0	100
12/15/202	4:35:45 A	3.578	0.0000280	0.0000000	0.0347417	0.0003752	21.3	29.0	100
12/15/202	4:36:06 A	3.692	0.0000292	0.0000004	0.0362488	0.0003213	21.3	29.0	98
12/15/202	4:36:28 A	3.812	0.0000310	0.0000000	0.0383784	0.0003632	21.2	29.0	99
12/15/202	4:36:50 A	3.939	0.0000328	0.0000003	0.0403533	0.0003865	21.2	29.0	98
12/15/202	4:37:12 A	4.056	0.0000340	0.0000001	0.0421684	0.0002871	21.2	29.0	100
12/15/202	4:37:34 A	4.202	0.0000360	0.0000000	0.0440115	0.0002337	21.2	29.0	100
12/15/202	4:37:56 A	4.316	0.0000370	0.0000000	0.0457501	0.0002575	21.2	29.0	100
12/15/202	4:38:18 A	4.433	0.0000389	0.0000002	0.0473910	0.0002386	21.2	29.0	100
12/15/202	4:38:40 A	4.549	0.0000400	0.0000001	0.0495394	0.0002760	21.2	29.0	99
12/15/202	4:39:01 A	4.661	0.0000420	0.0000000	0.0515419	0.0002391	21.2	29.0	100
12/15/202	4:39:23 A	4.779	0.0000430	0.0000000	0.0531991	0.0002657	21.2	29.0	100
12/15/202	4:39:45 A	4.900	0.0000449	0.0000002	0.0552247	0.0002463	21.2	29.0	97
12/15/202	4:40:07 A	5.015	0.0000462	0.0000004	0.0570994	0.0003355	21.2	29.0	100
12/15/202	4:40:29 A	5.136	0.0000480	0.0000000	0.0590866	0.0003286	21.2	29.0	100
12/15/202	4:40:51 A	5.263	0.0000497	0.0000004	0.0611612	0.0003620	21.2	29.0	97
12/15/202	4:41:13 A	5.390	0.0000511	0.0000003	0.0630081	0.0003749	21.2	29.0	99
12/15/202	4:41:35 A	5.495	0.0000526	0.0000004	0.0645837	0.0003345	21.2	29.0	100
12/15/202	4:41:57 A	5.610	0.0000540	0.0000000	0.0665509	0.0003065	21.2	29.0	100
12/15/202	4:42:18 A	5.715	0.0000555	0.0000005	0.0681985	0.0002731	21.2	29.0	100
12/15/202	4:42:40 A	5.829	0.0000570	0.0000000	0.0701678	0.0003520	21.2	29.0	100
12/15/202	4:43:02 A	5.943	0.0000585	0.0000005	0.0720157	0.0003411	21.2	29.0	100
12/15/202	4:43:24 A	6.066	0.0000601	0.0000003	0.0741722	0.0003972	21.2	29.0	100
12/15/202	4:43:46 A	6.176	0.0000614	0.0000005	0.0755977	0.0003882	21.2	29.0	100
12/15/202	4:44:08 A	6.287	0.0000630	0.0000000	0.0770418	0.0004596	21.2	29.0	98
12/15/202	4:44:30 A	6.411	0.0000646	0.0000004	0.0791260	0.0003706	21.2	29.0	98
12/15/202	4:44:52 A	6.520	0.0000660	0.0000000	0.0807152	0.0002831	21.2	29.0	98
12/15/202	4:45:13 A	6.670	0.0000677	0.0000004	0.0827131	0.0003004	21.2	29.0	99
12/15/202	4:45:35 A	6.785	0.0000690	0.0000000	0.0845348	0.0003228	21.2	29.0	100
12/15/202	4:45:57 A	6.890	0.0000701	0.0000003	0.0860604	0.0002775	21.2	29.0	100
12/15/202	4:46:19 A	6.999	0.0000720	0.0000000	0.0878319	0.0002579	21.2	29.0	100
12/15/202	4:46:41 A	7.123	0.0000732	0.0000004	0.0895425	0.0002545	21.2	29.0	99
12/15/202	4:47:03 A	7.234	0.0000750	0.0000000	0.0912317	0.0002707	21.2	29.0	99
12/15/202	4:47:25 A	7.350	0.0000763	0.0000004	0.0931252	0.0002857	21.2	29.0	100
12/15/202	4:47:47 A	7.464	0.0000779	0.0000001	0.0950344	0.0002950	21.2	29.0	99
12/15/202	4:48:09 A	7.574	0.0000795	0.0000005	0.0969146	0.0003321	21.2	29.0	98
12/15/202	4:48:30 A	7.704	0.0000810	0.0000000	0.0985463	0.0002898	21.2	29.0	99
12/15/202	4:48:52 A	7.817	0.0000826	0.0000004	0.1004205	0.0002799	21.2	29.0	100
12/15/202	4:49:14 A	7.924	0.0000840	0.0000000	0.1021295	0.0002316	21.2	29.0	98
12/15/202	4:49:36 A	8.056	0.0000853	0.0000004	0.1040590	0.0002999	21.2	29.0	96
12/15/202	4:49:58 A	8.168	0.0000870	0.0000000	0.1057558	0.0001912	21.2	29.0	100
12/15/202	4:50:20 A	8.295	0.0000889	0.0000001	0.1079142	0.0002800	21.2	29.0	100
12/15/202	4:50:42 A	8.418	0.0000901	0.0000003	0.1098222	0.0002735	21.2	29.0	100
12/15/202	4:51:04 A	8.524	0.0000920	0.0000000	0.1114282	0.0001385	21.2	29.0	100
12/15/202	4:51:25 A	8.639	0.0000930	0.0000001	0.1132281	0.0002357	21.2	29.0	100
12/15/202	4:51:47 A	8.762	0.0000950	0.0000000	0.1150363	0.0002272	21.2	29.0	99
12/15/202	4:52:09 A	8.873	0.0000960	0.0000000	0.1167724	0.0001308	21.2	29.0	100
12/15/202	4:52:31 A	8.997	0.0000980	0.0000000	0.1187628	0.0003146	21.2	29.0	99
12/15/202	4:52:53 A	9.150	0.0000995	0.0000004	0.1207320	0.0002553	21.2	29.0	97
12/15/202	4:53:15 A	9.266	0.0001010	0.0000000	0.1225633	0.0002055	21.2	29.0	98
12/15/202	4:53:37 A	9.384	0.0001030	0.0000000	0.1246600	0.0001555	21.2	29.0	99
12/15/202	4:53:59 A	9.508	0.0001040	0.0000002	0.1266201	0.0001911	21.2	29.0	100
12/15/202	4:54:20 A	9.630	0.0001060	0.0000002	0.1288425	0.0003642	21.2	29.0	100
12/15/202	4:54:42 A	9.760	0.0001080	0.0000000	0.1308647	0.0002649	21.2	29.0	100
12/15/202	4:55:04 A	9.876	0.0001092	0.0000004	0.1329194	0.0004597	21.2	29.0	100
12/15/202	4:55:26 A	10.000	0.0001111	0.0000003	0.1347278	0.0005125	21.2	29.0	100
12/15/202	4:55:48 A	10.109	0.0001120	0.0000000	0.1362315	0.0000874	21.2	29.0	100
12/15/202	4:56:10 A	10.211	0.0001140	0.0000000	0.1380460	0.0001748	21.2	29.0	100
12/15/202	4:56:32 A	10.332	0.0001152	0.0000004	0.1397797	0.0002405	21.1	29.0	100
12/15/202	4:56:54 A	10.443	0.0001170	0.0000000	0.1416534	0.0001726	21.1	29.0	99
12/15/202	4:57:15 A	10.589	0.0001187	0.0000004	0.1435799	0.0001860	21.1	29.0	96
12/15/202	4:57:37 A	10.695	0.0001200	0.0000000	0.1454366	0.0003038	21.1	29.0	100
12/15/202	4:57:59 A	10.812	0.0001216	0.0000004	0.1470566	0.0002448	21.1	29.0	97
12/15/202	4:58:21 A	10.904	0.0001230	0.0000000	0.1486290	0.0003330	21.2	29.0	97
12/15/202	4:58:43 A	11.060	0.0001242	0.0000004	0.1507148	0.0005827	21.2	29.0	100
12/15/202	4:59:05 A	11.142	0.0001260	0.0000000	0.1526877	0.0003641	21.2	29.0	100
12/15/202	4:59:27 A	11.253	0.0001272	0.0000004	0.1543769	0.0001732	21.2	29.0	100
12/15/202	4:59:49 A	11.382	0.0001290	0.0000001	0.1563675	0.0002542	21.2	29.0	99
12/15/202	5:00:11 A	11.490	0.0001304	0.0000005	0.1581766	0.0005679	21.1	29.0	100
12/15/202	5:00:32 A	11.638	0.0001320	0.0000000	0.1596564	0.0001262	21.1	29.0	99
12/15/202	5:00:54 A	11.757	0.0001340	0.0000000	0.1618237	0.0002282	21.1	29.0	99
12/15/202	5:01:16 A	11.881	0.0001353	0.0000004	0.1636720	0.0004677	21.1	29.0	99
12/15/202	5:01:38 A	12.018	0.0001369	0.0000001	0.1653236	0.0002505	21.1	29.0	99
12/15/202	5:02:00 A	12.127	0.0001380	0.0000002	0.1673141	0.0002630	21.1	29.0	96
12/15/202	5:02:22 A	12.240	0.0001404	0.0000004	0.1701556	0.0006858	21.1	29.0	100
12/15/202	5:02:44 A	12.333	0.0001418	0.0000003	0.1716045	0.0004595	21.1	29.0	100
12/15/202	5:03:06 A	12.461	0.0001430	0.0000002	0.1732432	0.0002682	21.1	29.0	99
12/15/202	5:03:27 A	12.576	0.0001446	0.0000004	0.1749494	0.0004492	21.1	29.0	99
12/15/202	5:03:49 A	12.694	0.0001460	0.0000002	0.1772218	0.0005939	21.1	29.0	100
12/15/202	5:04:11 A	12.828	0.0001476	0.0000004	0.1790478	0.0005186	21.1	29.0	100
12/15/202	5:04:33 A	12.929	0.0001492	0.0000004	0.1806146	0.0005250	21.1	29.0	100
12/15/202	5:04:55 A	13.047	0.0001508	0.0000004	0.1824554	0.0005866	21.1	29.0	100
12/15/202	5:05:17 A	13.165	0.0001524	0.0000005	0.1848214	0.0003670	21.2	29.0	98
12/15/202	5:05:39 A	13.273	0.0001543	0.0000004	0.1868581	0.0005630	21.2	29.0	97
12/15/202	5:06:01 A	13.396	0.0001552	0.0000004	0.1882444	0.0004341	21.2	29.0	99
12/15/202	5:06:23 A	13.517	0.0001573	0.0000004	0.1902797	0.0003417	21.2	29.0	100
12/15/202	5:06:45 A	13.631	0.0001587	0.0000004	0.1922540	0.0004319	21.2	29.0	96
12/15/202	5:07:06 A	13.732	0.0001600	0.0000000	0.1936290	0.0003203	21.1	29.0	100
12/15/202	5:07:28 A	13.855	0.0001612	0.0000004	0.1959120	0.0005104	21.1	29.0	100
12/15/202	5:07:50 A	13.976	0.0001629	0.0000007	0.1980701	0.0011252	21.1	29.0	99
12/15/202	5:08:12 A	14.133	0.0001663	0.0000013	0.2026001	0.0022429	21.1	29.0	100
12/15/202	5:08:34 A	14.230	0.0001667	0.0000005	0.2025996	0.0007791	21.1	29.0	100
12/15/202	5:08:56 A	14.351	0.0001685	0.0000007	0.2047505	0.0010917	21.1	29.0	100
12/15/202	5:09:18 A	14.501	0.0001701	0.0000007	0.2064559	0.0010984	21.1	29.0	99
12/15/202	5:09:40 A	14.594	0.0001713	0.0000005	0.2082832	0.0007657	21.1	29.0	99
12/15/202	5:10:01 A	14.714	0.0001725	0.0000005	0.2095816	0.0006609	21.1	29.0	100
12/15/202	5:10:23 A	14.823	0.0001743	0.0000005	0.2115693	0.0008390	21.1	29.0	100
12/15/202	5:10:45 A	14.958	0.0001758	0.0000008	0.2137124	0.0013588	21.1	29.0	98
12/15/202	5:11:07 A	15.066	0.0001774	0.0000005	0.2154690	0.0009600	21.1	29.0	99
12/15/202	5:11:29 A	15.155	0.0001792	0.0000011	0.2175579	0.0018213	21.1	29.0	100
12/15/202	5:11:51 A	15.262	0.0001803	0.0000008	0.2180720	0.0012603	21.1	29.0	99
12/15/202	5:12:13 A	15.404	0.0001812	0.0000004	0.2197714	0.0006495	21.1	29.0	99
12/15/202	5:12:35 A	15.498	0.0001831	0.0000011	0.2205927	0.0016136	21.1	29.0	100
12/15/202	5:12:57 A	15.594	0.0001842	0.0000004	0.2236424	0.0007750	21.1	29.0	99
12/15/202	5:13:18 A	15.717	0.0001859	0.0000001	0.2250439	0.0012842	21.1	29.0	100
12/15/202	5:13:40 A	15.827	0.0001872	0.0000004	0.2263561	0.0005299	21.1	29.0	99
12/15/202	5:14:02 A	15.948	0.0001890	0.0000002	0.2280496	0.0003605	21.1	29.0	97
12/15/202	5:14:24 A	16.088	0.0001904	0.0000005	0.2301514	0.0005189	21.0	29.0	98
12/15/202	5:14:46 A	16.245	0.0001911	0.0000003	0.2315612	0.0006261	21.0	29.0	100
12/15/202	5:15:08 A	16.294	0.0001938	0.0000009	0.2337559	0.0013270	21.0	29.0	100
12/15/202	5:15:30 A	16.401	0.0001948	0.0000005	0.2354864	0.0007202	21.0	29.0	100
12/15/202	5:15:52 A	16.550	0.0001961	0.0000007	0.2362640	0.0008361	21.0	29.0	100
12/15/202	5:16:13 A	16.654	0.0001974	0.0000005	0.2387124	0.0006588	21.1	29.0	100
12/15/202	5:16:35 A	16.763	0.0001997	0.0000011	0.2410037	0.0013517	21.1	29.0	99
12/15/202	5:16:57 A	16.894	0.0002011	0.0000007	0.2424633	0.0008572	21.1	29.0	100
12/15/202	5:17:19 A	17.053	0.0002020	0.0000000	0.2432953	0.0001750	21.1	29.0	100
12/15/202	5:17:41 A	17.113	0.0002040	0.0000011	0.2462214	0.0012732	21.1	29.0	99
12/15/202	5:18:03 A	17.230	0.0002058	0.0000009	0.2480848	0.0012198	21.1	29.0	98
12/15/202	5:18:25 A	17.345	0.0002074	0.0000011	0.2492532	0.0013680	21.1	29.0	97
12/15/202	5:18:47 A	17.463	0.0002080	0.0000003	0.2509711	0.0007460	21.1	29.0	98
12/15/202	5:19:08 A	17.567	0.0002100	0.0000001	0.2526657	0.0004617	21.1	29.0	100
12/15/202	5:19:30 A	17.687	0.0002118	0.0000004	0.2556756	0.0006331	21.1	29.0	96
12/15/202	5:19:52 A	17.807	0.0002132	0.0000005	0.2568983	0.0004797	21.1	29.0	100
12/15/202	5:20:14 A	17.921	0.0002154	0.0000006	0.2593482	0.0009501	21.1	29.0	100
12/15/202	5:20:36 A	18.045	0.0002168	0.0000005	0.2612245	0.0007392	21.1	29.0	100
12/15/202	5:20:58 A	18.158	0.0002182	0.0000004	0.2632365	0.0007901	21.1	29.0	100
12/15/202	5:21:20 A	18.290	0.0002201	0.0000004	0.2657475	0.0019092	21.1	29.0	100
12/15/202	5:21:42 A	18.412	0.0002216	0.0000013	0.2676122	0.0016986	21.0	29.0	98
12/15/202	5:22:04 A	18.508	0.0002237	0.0000011	0.2700752	0.0020968	21.0	29.0	99
12/15/202	5:22:25 A	18.621	0.0002248	0.0000009	0.2709912	0.0011304	21.0	29.0	100
12/15/202	5:22:47 A	18.734	0.0002262	0.0000004	0.2723724	0.0004415	21.0	29.0	100
12/15/202	5:23:09 A	18.854	0.0002280	0.0000010	0.2747828	0.0010273	21.0	29.0	96
12/15/202	5:23:31 A	18.990	0.0002292	0.0000005	0.2766728	0.0008849	21.1	29.0	99
12/15/202	5:23:53 A	19.144	0.0002316	0.0000012	0.2786258	0.0019075	21.1	29.0	100
12/15/202	5:24:15 A	19.238	0.0002335	0.0000012	0.2815322	0.0020782	21.1	29.0	100
12/15/202	5:24:37 A	19.347	0.0002343	0.0000006	0.2819498	0.0004617	21.1	29.0	100
12/15/202	5:24:59 A	19.480	0.0002362	0.0000008	0.2844621	0.0013632	21.1	29.0	100
12/15/202	5:25:20 A	19.597	0.0002375	0.0000006	0.2859727	0.0007168	21.0	29.0	100
12/15/202	5:25:42 A	19.738	0.0002398	0.0000016	0.2893130	0.0027801	21.0	29.0	100
12/15/202	5:26:04 A	19.825	0.0002408	0.0000007	0.2916023	0.0041740	21.0	29.0	100
12/15/202	5:26:26 A	19.994	0.0002445	0.0000021	0.2946668	0.0031178	21.0	29.0	98
12/15/202	5:26:48 A	20.122	0.0002454	0.0000018	0.2960778	0.0029019	21.0	29.0	100
12/15/202	5:27:10 A	20.214	0.0002459	0.0000011	0.2967194	0.0013175	21.0	29.0	99
12/15/202	5:27:32 A	20.348	0.0002481	0.0000013	0.2989545	0.0020622	21.0	29.0	98
12/15/202	5:27:54 A	20.451	0.0002494	0.0000012	0.3009642	0.0018617	21.0	29.0	96
12/15/202	5:28:16 A	20.557	0.0002508	0.0000012	0.3024277	0.0015124	21.0	29.0	100
12/15/202	5:28:38 A	20.664	0.0002526	0.0000012	0.3052593	0.0014924	21.0	29.0	100
12/15/202	5:28:59 A	20.824	0.0002547	0.0000018	0.3080287	0.0030204	21.0	29.0	100
12/15/202	5:29:21 A	20.914	0.0002550	0.0000002	0.3079670	0.0001965	21.0	29.0	99
12/15/202	5:29:43 A	21.027	0.0002575	0.0000011	0.3108385	0.0019859	21.0	29.0	99
12/15/202	5:30:05 A	21.110	0.0002581	0.0000003	0.3118175	0.0007047	21.0	29.0	100
12/15/202	5:30:27 A	21.229	0.0002596	0.0000005	0.3131475	0.0004455	21.0	29.0	100
12/15/202	5:30:49 A	21.330	0.0002610	0.0000001	0.3147416	0.0001515	21.0	29.0	99
12/15/202	5:31:11 A	21.488	0.0002621	0.0000003	0.3164699	0.0001051	21.0	29.0	100
12/15/202	5:31:33 A	21.603	0.0002637	0.0000006	0.3181694	0.0006147	21.0	29.0	99
12/15/202	5:31:54 A	21.726	0.0002650	0.0000001	0.3197321	0.0001464	21.0	29.0	97
12/15/202	5:32:16 A	21.840	0.0002668	0.0000003	0.3214818	0.0004826	21.0	29.0	100
12/15/202	5:32:38 A	21.996	0.0002669	0.0000014	0.3224549	0.0018639	21.0	29.0	100
12/15/202	5:33:00 A	22.068	0.0002695	0.0000007	0.3251623	0.0011414	21.0	29.0	100
12/15/202	5:33:22 A	22.202	0.0002723	0.0000015	0.3306814	0.0029997	21.0	29.0	100
12/15/202	5:33:44 A	22.321	0.0002725	0.0000009	0.3287140	0.0011282	21.0	29.0	100
12/15/202	5:34:06 A	22.438	0.0002732	0.0000011	0.3303506	0.0014339	21.0	29.0	100
12/15/202	5:34:28 A	22.541	0.0002746	0.0000006	0.3316777	0.0005360	21.0	29.0	100
12/15/202	5:34:49 A	22.693	0.0002762	0.0000006	0.3334488	0.0007783	21.0	29.0	100
12/15/202	5:35:11 A	22.770	0.0002768	0.0000008	0.3344738	0.0006307	21.0	29.0	100
12/15/202	5:35:33 A	22.900	0.0002795	0.0000008	0.3380958	0.0015919	21.0	29.0	98
12/15/202	5:35:55 A	23.051	0.0002812	0.0000010	0.3395489	0.0018642	21.0	29.0	98
12/15/202	5:36:17 A	23.089	0.0002820	0.0000001	0.3400894	0.0002329	21.0	29.0	99
12/15/202	5:36:39 A	23.189	0.0002829	0.0000001	0.3413376	0.0002059	21.0	29.0	99
12/15/202	5:37:01 A	23.303	0.0002840	0.0000001	0.3424382	0.0001916	21.0	29.0	100
12/15/202	5:37:23 A	23.415	0.0002849	0.0000002	0.3435411	0.0001553	21.0	29.0	100
12/15/202	5:37:44 A	23.519	0.0002862	0.0000004	0.3450197	0.0002064	21.0	29.0	100
12/15/202	5:38:06 A	23.620	0.0002880	0.0000000	0.3466728	0.0001434	21.0	29.0	100
12/15/202	5:38:28 A	23.738	0.0002890	0.0000000	0.3482717	0.0001186	21.0	29.0	100
12/15/202	5:38:50 A	23.851	0.0002909	0.0000001	0.3498338	0.0000787	21.0	29.0	100
12/15/202	5:39:12 A	23.994	0.0002920	0.0000003	0.3510903	0.0004090	21.0	29.0	100
12/15/202	5:39:34 A	24.101	0.0002930	0.0000002	0.3527719	0.0002185	21.0	29.0	100
12/15/202	5:39:56 A	24.205	0.0002949	0.0000002	0.3541563	0.0002102	21.0	29.0	98
12/15/202	5:40:18 A	24.322	0.0002943	0.0000025	0.3542793	0.0027466	21.0	29.0	97
12/15/202	5:40:40 A	24.449	0.0002973	0.0000009	0.3583913	0.0012213	21.0	29.0	99
12/15/202	5:41:01 A	24.569	0.0002990	0.0000007	0.3593159	0.0004741	21.0	29.0	99
12/15/202	5:41:23 A	24.655	0.0002998	0.0000008	0.3609814	0.0007408	21.0	29.0	100
12/15/202	5:41:45 A	24.784	0.0003015	0.0000004	0.3625726	0.0001166	21.0	29.0	100
12/15/202	5:42:07 A	24.903	0.0003028	0.0000005	0.3641142	0.0002790	21.0	29.0	100
12/15/202	5:42:29 A	25.023	0.0003044	0.0000005	0.3661480	0.0003560	21.0	29.0	100
12/15/202	5:42:51 A	25.134	0.0003059	0.0000001	0.3676010	0.0001886	21.0	29.0	100
12/15/202	5:43:13 A	25.245	0.0003069	0.0000001	0.3686309	0.0015138	21.0	29.0	100
12/15/202	5:43:35 A	25.350	0.0003083	0.0000008	0.3703703	0.0007325	21.0	29.0	100
12/15/202	5:43:57 A	25.461	0.0003098	0.0000007	0.3726035	0.0008851	21.0	29.0	98
12/15/202	5:44:19 A	25.564	0.0003114	0.0000015	0.3745673	0.0010450	21.0	29.0	97
12/15/202	5:44:40 A	25.698	0.0003140	0.0000000	0.3769938	0.0004462	21.0	29.0	98
12/15/202	5:45:02 A	25.825	0.0003151	0.0000003	0.3790858	0.0002820	21.0	29.0	100
12/15/202	5:45:24 A	25.942	0.0003170	0.0000004	0.3812944	0.0007028	21.0	29.0	98
12/15/202	5:45:46 A	26.053	0.0003192	0.0000008	0.3832944	0.0011744	21.0	29.0	100
12/15/202	5:46:08 A	26.158	0.0003208	0.0000003	0.3849805	0.0001638	21.0	29.0	100
12/15/202	5:46:30 A	26.275	0.0003219	0.0000002	0.3868363	0.0000905	21.0	29.0	100
12/15/202	5:46:52 A	26.427	0.0003236	0.0000004	0.3884887	0.0001055	21.0	29.0	100
12/15/202	5:47:14 A	26.562	0.0003251	0.0000004	0.3906865	0.0002767	21.0	29.0	100
12/15/202	5:47:35 A	26.669	0.0003261	0.0000010	0.3918379	0.0008596	21.0	29.0	100
12/15/202	5:47:57 A	26.783	0.0003281	0.0000003	0.3942470	0.0001162	21.0	29.0	99
12/15/202	5:48:19 A	26.895	0.0003300	0.0000000	0.3962166	0.0001813	21.0	29.0	100
12/15/202	5:48:41 A	27.017	0.0003319	0.0000001	0.3982856	0.0001668	21.0	29.0	99
12/15/202	5:49:03 A	27.137	0.0003318	0.0000029	0.3989610	0.0028475	21.0	29.0	98
12/15/202	5:49:25 A	27.257	0.0003349	0.0000001	0.4019501	0.0001196	21.0	29.0	97
12/15/202	5:49:47 A	27.375	0.0003360	0.0000000	0.4037692	0.0002068	21.0	29.0	98
12/15/202	5:50:09 A	27.489	0.0003378	0.0000004	0.4056447	0.0003051	21.0	29.0	100
12/15/202	5:50:31 A	27.602	0.0003389	0.0000001	0.4072608	0.0001640	21.0	29.0	100
12/15/202	5:50:52 A	27.715	0.0003410	0.0000000	0.4091191	0.0001255	21.0	29.0	100
12/15/202	5:51:14 A	27.834	0.0003420	0.0000004	0.4107401	0.0010673	21.0	29.0	100
12/15/202	5:51:36 A	27.954	0.0003430	0.0000001	0.4122864	0.0002349	21.0	29.0	100
12/15/202	5:51:58 A	28.061	0.0003449	0.0000001	0.4138426	0.0002044	21.0	29.0	99
12/15/202	5:52:20 A	28.179	0.0003460	0.0000001	0.4156780	0.0001767	21.0	29.0	100
12/15/202	5:52:42 A	28.291	0.0003480	0.0000003	0.4172887	0.0002203	21.0	29.0	100
12/15/202	5:53:04 A	28.401	0.0003489	0.0000001	0.4192097	0.0001306	21.0	29.0	98
12/15/202	5:53:26 A	28.513	0.0003510	0.0000002	0.4211924	0.0003943	21.0	29.0	97
12/15/202	5:53:47 A	28.633	0.0003523	0.0000004	0.4231756	0.0001171	21.0	29.0	100
12/15/202	5:54:09 A	28.752	0.0003539	0.0000002	0.4248494	0.0001780	20.9	29.0	100
12/15/202	5:54:31 A	28.904	0.0003549	0.0000001	0.4263943	0.0002061	20.9	29.0	100
12/15/202	5:54:53 A	29.023	0.0003564	0.0000005	0.4279955	0.0002427	20.9	29.0	100
12/15/202	5:55:15 A	29.135	0.0003576	0.0000008	0.4293517	0.0005892	20.9	29.0	100
12/15/202	5:55:37 A	29.246	0.0003589	0.0000002	0.4312356	0.0003213	20.9	29.0	100
12/15/202	5:55:59 A	29.351	0.0003607	0.0000005	0.4326916	0.0002583	20.9	29.0	100
12/15/202	5:56:21 A	29.459	0.0003622	0.0000011	0.4343252	0.0009028	20.9	29.0	100
12/15/202	5:56:42 A	29.552	0.0003633	0.0000017	0.4354790	0.0012698	20.9	29.0	100
12/15/202	5:57:04 A	29.681	0.0003640	0.0000000	0.4363526	0.0002084	20.9	29.0	99
12/15/202	5:57:26 A	29.787	0.0003649	0.0000001	0.4379965	0.0001319	20.9	29.0	100
12/15/202	5:57:48 A	29.889	0.0003660	0.0000001	0.4391853	0.0000946	20.9	29.0	100
12/15/202	5:58:10 A	30.006	0.0003679	0.0000003	0.4409161	0.0005197	20.9	29.0	99
12/15/202	5:58:32 A	30.116	0.0003689	0.0000002	0.4422454	0.0001956	20.9	29.0	98
12/15/202	5:58:54 A	30.225	0.0003699	0.0000001	0.4437594	0.0001710	20.9	29.0	100
12/15/202	5:59:16 A	30.335	0.0003720	0.0000000	0.4455298	0.0001043	20.9	29.0	100
12/15/202	5:59:38 A	30.453	0.0003730	0.0000001	0.4472548	0.0002520	20.9	29.0	100
12/15/202	5:59:59 A	30.576	0.0003740	0.0000018	0.4482122	0.0029743	20.9	29.0	100
12/15/202	6:00:21 A	30.701	0.0003769	0.0000026	0.4516233	0.0026093	20.9	29.0	100
12/15/202	6:00:43 A	30.803	0.0003770	0.0000010	0.4518816	0.0009152	20.9	29.0	99
12/15/202	6:01:05 A	30.909	0.0003779	0.0000024	0.4524978	0.0036956	20.9	29.0	97
12/15/202	6:01:27 A	31.036	0.0003806	0.0000007	0.4560075	0.0007479	20.9	29.0	99
12/15/202	6:01:49 A	31.145	0.0003829	0.0000001	0.4586183	0.0004346	20.9	29.0	100
12/15/202	6:02:11 A	31.255	0.0003842	0.0000012	0.4618967	0.0019138	20.9	29.0	97
12/15/202	6:02:33 A	31.383	0.0003860	0.0000014	0.4634177	0.0022224	20.9	29.0	96
12/15/202	6:02:54 A	31.491	0.0003867	0.0000011	0.4642332	0.0016143	20.9	29.0	100
12/15/202	6:03:16 A	31.590	0.0003888	0.0000020	0.4677833	0.0039291	20.9	29.0	100
12/15/202	6:03:38 A	31.691	0.0003934	0.0000055	0.4732586	0.0076423	20.9	29.0	100
12/15/202	6:04:00 A	31.816	0.0003914	0.0000007	0.4699465	0.0014565	20.9	29.0	100
12/15/202	6:04:22 A	31.843	0.0003954	0.0000030	0.4771894	0.0052894	20.9	29.0	100
12/15/202	6:04:44 A	32.011	0.0003949	0.0000016	0.4768014	0.0043377	20.9	29.0	100
12/15/202	6:05:06 A	32.158	0.0003974	0.0000024	0.4785565	0.0036404	20.9	29.0	98
12/15/202	6:05:28 A	32.280	0.0003995	0.0000018	0.4810574	0.0036578	20.9	29.0	98
12/15/202	6:05:50 A	32.277	0.0004011	0.0000017	0.4834163	0.0034117	20.9	29.0	99
12/15/202	6:06:11 A	32.487	0.0004025	0.0000026	0.4856717	0.0048893	20.9	29.0	96
12/15/202	6:06:33 A	32.605	0.0004044	0.0000017	0.4859417	0.0021199	20.9	29.0	98
12/15/202	6:06:55 A	32.748	0.0004050	0.0000001	0.4872407	0.0012726	20.8	29.0	99
12/15/202	6:07:17 A	32.858	0.0004070	0.0000001	0.4892106	0.0006123	20.8	29.0	100
12/15/202	6:07:39 A	32.982	0.0004087	0.0000004	0.4914877	0.0005246	20.8	29.0	99
12/15/202	6:08:01 A	33.105	0.0004106	0.0000005	0.4939126	0.0012206	20.8	29.0	100
12/15/202	6:08:23 A	33.215	0.0004121	0.0000004	0.4955950	0.0005366	20.8	29.0	100
12/15/202	6:08:45 A	33.350	0.0004140	0.0000000	0.4977687	0.0001460	20.8	29.0	99
12/15/202	6:09:06 A	33.484	0.0004161	0.0000004	0.5003987	0.0006640	20.8	29.0	100
12/15/202	6:09:28 A	33.605	0.0004171	0.0000004	0.5017404	0.0004032	20.8	29.0	100
12/15/202	6:09:50 A	33.714	0.0004199	0.0000022	0.5045686	0.0015185	20.8	29.0	98
12/15/202	6:10:12 A	33.864	0.0004208	0.0000011	0.5061047	0.0008305	20.8	29.0	99
12/15/202	6:10:34 A	33.964	0.0004222	0.0000005	0.5082014	0.0003682	20.8	29.0	99
12/15/202	6:10:56 A	34.095	0.0004244	0.0000007	0.5112892	0.0019052	20.8	29.0	100
12/15/202	6:11:18 A	34.214	0.0004260	0.0000000	0.5121928	0.0003483	20.8	29.0	99
12/15/202	6:11:40 A	34.337	0.0004273	0.0000004	0.5137301	0.0001995	20.8	29.0	99
12/15/202	6:12:01 A	34.442	0.0004290	0.0000003	0.5156465	0.0002785	20.8	29.0	100
12/15/202	6:12:23 A	34.567	0.0004313	0.0000005	0.5183029	0.0003769	20.8	29.0	100
12/15/202	6:12:45 A	34.688	0.0004330	0.0000002	0.5205773	0.0002387	20.8	29.0	99
12/15/202	6:13:07 A	34.809	0.0004360	0.0000016	0.5237901	0.0013186	20.8	29.0	100
12/15/202	6:13:29 A	34.925	0.0004378	0.0000008	0.5256741	0.0012649	20.8	29.0	100
12/15/202	6:13:51 A	35.032	0.0004396	0.0000013	0.5279921	0.0011251	20.8	29.0	99
12/15/202	6:14:13 A	35.166	0.0004404	0.0000008	0.5296987	0.0021791	20.8	29.0	98
12/15/202	6:14:35 A	35.289	0.0004420	0.0000004	0.5306609	0.0011999	20.8	29.0	99
12/15/202	6:14:56 A	35.395	0.0004435	0.0000034	0.5333359	0.0046399	20.8	29.0	100
12/15/202	6:15:18 A	35.487	0.0004425	0.0000007	0.5319509	0.0008976	20.8	29.0	96
12/15/202	6:15:40 A	35.587	0.0004432	0.0000014	0.5327039	0.0016715	20.8	29.0	99
12/15/202	6:16:03 A	35.707	0.0004445	0.0000015	0.5337384	0.0019961	20.8	29.0	100
12/15/202	6:16:24 A	35.851	0.0004479	0.0000041	0.5374872	0.0031490	20.8	29.0	99
12/15/202	6:16:46 A	35.940	0.0004485	0.0000014	0.5386619	0.0007567	20.8	29.0	100
12/15/202	6:17:08 A	36.054	0.0004499	0.0000002	0.5403335	0.0011193	20.8	29.0	100
12/15/202	6:17:30 A	36.174	0.0004517	0.0000004	0.5423300	0.0002310	20.8	29.0	100
12/15/202	6:17:52 A	36.291	0.0004530	0.0000004	0.5439796	0.0004092	20.8	29.0	99
12/15/202	6:18:14 A	36.424	0.0004552	0.0000034	0.5462439	0.0031238	20.8	29.0	99
12/15/202	6:18:36 A	36.533	0.0004550	0.0000002	0.5463496	0.0002504	20.8	29.0	98
12/15/202	6:18:58 A	36.641	0.0004557	0.0000004	0.5474487	0.0005179	20.8	29.0	100
12/15/202	6:19:19 A	36.762	0.0004562	0.0000004	0.5482970	0.0001346	20.8	29.0	100
12/15/202	6:19:41 A	36.860	0.0004576	0.0000004	0.5498688	0.0002052	20.8	29.0	96
12/15/202	6:20:03 A	36.970	0.0004595	0.0000005	0.5520792	0.0003687	20.8	29.0	100
12/15/202	6:20:25 A	37.076	0.0004607	0.0000004	0.5535109	0.0002412	20.8	29.0	100
12/15/202	6:20:47 A	37.182	0.0004616	0.0000004	0.5547398	0.0002024	20.8	29.0	100
12/15/202	6:21:09 A	37.291	0.0004630	0.0000000	0.5564551	0.0001010	20.8	29.0	100
12/15/202	6:21:31 A	37.402	0.0004645	0.0000005	0.5583888	0.0001982	20.8	29.0	100
12/15/202	6:21:53 A	37.494	0.0004659	0.0000003	0.5603704	0.0002715	20.8	29.0	100
12/15/202	6:22:14 A	37.595	0.0004670	0.0000000	0.5616334	0.0002076	20.8	29.0	99
12/15/202	6:22:36 A	37.693	0.0004682	0.0000004	0.5636385	0.0002035	20.8	29.0	99
12/15/202	6:22:58 A	37.782	0.0004706	0.0000008	0.5662661	0.0007840	20.8	29.0	99
12/15/202	6:23:20 A	37.878	0.0004710	0.0000002	0.5671868	0.0002801	20.8	29.0	100
12/15/202	6:23:42 A	37.984	0.0004729	0.0000002	0.5696147	0.0002872	20.8	29.0	96
12/15/202	6:24:04 A	38.084	0.0004749	0.0000010	0.5722663	0.0019871	20.8	29.0	98
12/15/202	6:24:26 A	38.199	0.0004761	0.0000004	0.5740466	0.0003556	20.8	29.0	100
12/15/202	6:24:48 A	38.316	0.0004780	0.0000000	0.5762760	0.0004074	20.8	29.0	100
12/15/202	6:25:10 A	38.432	0.0004794	0.0000004	0.5777910	0.0003562	20.8	29.0	100
12/15/202	6:25:32 A	38.519	0.0004812	0.0000004	0.5805638	0.0002685	20.8	29.0	100
12/15/202	6:25:54 A	38.647	0.0004830	0.0000002	0.5830216	0.0006608	20.8	29.0	100
12/15/202	6:26:15 A	38.767	0.0004853	0.0000015	0.5855190	0.0020130	20.8	29.0	100
12/15/202	6:26:37 A	38.905	0.0004871	0.0000003	0.5882983	0.0003394	20.8	29.0	99
12/15/202	6:26:59 A	39.037	0.0004892	0.0000006	0.5907825	0.0008597	20.8	29.0	98
12/15/202	6:27:21 A	39.156	0.0004916	0.0000004	0.5935045	0.0003812	20.8	29.0	100
12/15/202	6:27:43 A	39.277	0.0004933	0.0000004	0.5958845	0.0004192	20.8	29.0	99
12/15/202	6:28:05 A	39.397	0.0004949	0.0000002	0.5973733	0.0003340	20.8	29.0	97
12/15/202	6:28:27 A	39.504	0.0004970	0.0000000	0.6003009	0.0001778	20.8	29.0	98
12/15/202	6:28:49 A	39.631	0.0004984	0.0000004	0.6022604	0.0002074	20.8	29.0	100
12/15/202	6:29:10 A	39.740	0.0005000	0.0000000	0.6040408	0.0002439	20.8	29.0	100
12/15/202	6:29:32 A	39.865	0.0005022	0.0000004	0.6069692	0.0001671	20.8	29.0	100
12/15/202	6:29:54 A	39.992	0.0005040	0.0000001	0.6092065	0.0002048	20.8	29.0	100
12/15/202	6:30:16 A	40.114	0.0005060	0.0000002	0.6109459	0.0003070	20.8	29.0	100
12/15/202	6:30:38 A	40.229	0.0005075	0.0000005	0.6125326	0.0002782	20.8	29.0	100
12/15/202	6:31:00 A	40.333	0.0005086	0.0000004	0.6138029	0.0004782	20.8	29.0	100
12/15/202	6:31:22 A	40.449	0.0005104	0.0000005	0.6161286	0.0002386	20.8	29.0	96
12/15/202	6:31:44 A	40.555	0.0005112	0.0000004	0.6171111	0.0004162	20.8	29.0	100
12/15/202	6:32:06 A	40.667	0.0005131	0.0000012	0.6186011	0.0004714	20.8	29.0	100
12/15/202	6:32:27 A	40.792	0.0005135	0.0000005	0.6197536	0.0003455	20.8	29.0	100
12/15/202	6:32:49 A	40.918	0.0005146	0.0000005	0.6205632	0.0004139	20.8	29.0	99
12/15/202	6:33:11 A	41.035	0.0005161	0.0000005	0.6223557	0.0004061	20.8	29.0	100
12/15/202	6:33:33 A	41.165	0.0005183	0.0000004	0.6241758	0.0004308	20.8	29.0	100
12/15/202	6:33:55 A	41.333	0.0005198	0.0000004	0.6260819	0.0002267	20.8	29.0	100
12/15/202	6:34:17 A	41.454	0.0005208	0.0000003	0.6277676	0.0002745	20.8	29.0	100
12/15/202	6:34:39 A	41.590	0.0005227	0.0000014	0.6300986	0.0007888	20.8	29.0	100
12/15/202	6:35:01 A	41.672	0.0005240	0.0000022	0.6308584	0.0013315	20.8	29.0	98
12/15/202	6:35:22 A	41.797	0.0005251	0.0000003	0.6325618	0.0006101	20.8	29.0	100
12/15/202	6:35:44 A	41.906	0.0005266	0.0000004	0.6332324	0.0005057	20.8	29.0	100
12/15/202	6:36:06 A	41.990	0.0005263	0.0000004	0.6332148	0.0003930	20.8	29.0	99
12/15/202	6:36:28 A	42.087	0.0005270	0.0000001	0.6336272	0.0003937	20.8	29.0	97
