12/15/202	0:12:37 A	0.000	0.0000000	0.0000000	0.0000145	0.0000002	22.6	30.0	100
12/15/202	0:12:59 A	1.423	0.0000000	0.0000000	0.0000144	0.0000002	22.6	30.0	100
12/15/202	0:13:21 A	1.429	0.0000000	0.0000000	0.0001245	0.0000002	22.6	30.0	100
12/15/202	0:13:43 A	1.494	0.0000010	0.0000000	0.0011467	0.0000004	22.6	30.0	100
12/15/202	0:14:04 A	1.503	0.0000010	0.0000000	0.0013335	0.0000003	22.6	30.0	99
12/15/202	0:14:26 A	1.521	0.0000010	0.0000000	0.0016070	0.0000005	22.4	29.0	98
12/15/202	0:14:48 A	1.549	0.0000020	0.0000000	0.0020654	0.0000016	22.4	29.0	99
12/15/202	0:15:10 A	1.681	0.0000030	0.0000000	0.0036896	0.0000586	22.4	29.0	100
12/15/202	0:15:32 A	1.796	0.0000048	0.0000003	0.0055750	0.0000889	22.4	29.0	100
12/15/202	0:15:54 A	1.907	0.0000060	0.0000000	0.0074016	0.0000515	22.4	29.0	100
12/15/202	0:16:16 A	2.034	0.0000080	0.0000000	0.0094135	0.0000724	22.5	29.0	100
12/15/202	0:16:38 A	2.144	0.0000090	0.0000000	0.0112908	0.0001163	22.5	29.0	99
12/15/202	0:17:00 A	2.276	0.0000110	0.0000000	0.0132038	0.0001521	22.5	29.0	100
12/15/202	0:17:21 A	2.396	0.0000126	0.0000004	0.0151334	0.0001487	22.5	29.0	98
12/15/202	0:17:43 A	2.511	0.0000140	0.0000000	0.0170121	0.0001541	22.4	29.0	98
12/15/202	0:18:05 A	2.625	0.0000157	0.0000004	0.0188931	0.0001883	22.4	29.0	99
12/15/202	0:18:27 A	2.741	0.0000170	0.0000000	0.0206846	0.0001804	22.4	29.0	100
12/15/202	0:18:49 A	2.874	0.0000189	0.0000002	0.0228005	0.0002843	22.4	29.0	96
12/15/202	0:19:11 A	2.993	0.0000202	0.0000004	0.0247473	0.0001989	22.4	29.0	100
12/15/202	0:19:33 A	3.108	0.0000220	0.0000000	0.0264960	0.0001245	22.4	29.0	100
12/15/202	0:19:55 A	3.227	0.0000234	0.0000004	0.0284643	0.0002349	22.4	29.0	100
12/15/202	0:20:17 A	3.340	0.0000250	0.0000000	0.0300541	0.0001837	22.4	29.0	98
12/15/202	0:20:39 A	3.466	0.0000264	0.0000004	0.0320567	0.0002618	22.4	29.0	100
12/15/202	0:21:01 A	3.577	0.0000280	0.0000000	0.0337815	0.0001030	22.4	29.0	99
12/15/202	0:21:23 A	3.697	0.0000291	0.0000003	0.0356006	0.0001251	22.4	29.0	100
12/15/202	0:21:45 A	3.815	0.0000310	0.0000000	0.0374274	0.0000852	22.4	29.0	99
12/15/202	0:22:07 A	3.935	0.0000330	0.0000000	0.0394434	0.0000719	22.4	29.0	98
12/15/202	0:22:29 A	4.064	0.0000340	0.0000000	0.0413416	0.0000780	22.4	29.0	98
12/15/202	0:22:51 A	4.202	0.0000360	0.0000000	0.0433107	0.0001137	22.3	29.0	100
12/15/202	0:23:12 A	4.325	0.0000370	0.0000000	0.0450981	0.0001120	22.3	29.0	97
12/15/202	0:23:34 A	4.442	0.0000390	0.0000000	0.0469501	0.0000571	22.3	29.0	97
12/15/202	0:23:56 A	4.554	0.0000400	0.0000000	0.0487411	0.0000674	22.3	29.0	100
12/15/202	0:24:18 A	4.676	0.0000420	0.0000000	0.0506495	0.0000571	22.3	29.0	99
12/15/202	0:24:40 A	4.793	0.0000430	0.0000000	0.0524738	0.0000707	22.4	29.0	100
12/15/202	0:25:02 A	4.907	0.0000449	0.0000002	0.0542521	0.0000775	22.4	29.0	100
12/15/202	0:25:24 A	5.029	0.0000460	0.0000001	0.0560971	0.0000769	22.4	29.0	100
12/15/202	0:25:46 A	5.154	0.0000480	0.0000000	0.0580482	0.0000527	22.4	29.0	99
12/15/202	0:26:08 A	5.277	0.0000498	0.0000003	0.0599461	0.0000523	22.4	29.0	99
12/15/202	0:26:29 A	5.392	0.0000510	0.0000000	0.0617794	0.0000425	22.3	29.0	98
12/15/202	0:26:51 A	5.498	0.0000528	0.0000003	0.0635950	0.0000697	22.3	29.0	100
12/15/202	0:27:13 A	5.620	0.0000540	0.0000000	0.0654008	0.0000378	22.3	29.0	97
12/15/202	0:27:35 A	5.741	0.0000559	0.0000002	0.0672541	0.0000507	22.3	29.0	96
12/15/202	0:27:57 A	5.850	0.0000570	0.0000000	0.0691465	0.0000481	22.3	29.0	100
12/15/202	0:28:19 A	5.967	0.0000589	0.0000001	0.0711017	0.0001124	22.4	29.0	99
12/15/202	0:28:41 A	6.091	0.0000600	0.0000000	0.0729141	0.0001975	22.4	29.0	100
12/15/202	0:29:03 A	6.215	0.0000620	0.0000000	0.0747483	0.0002066	22.4	29.0	100
12/15/202	0:29:25 A	6.323	0.0000630	0.0000001	0.0767180	0.0001068	22.4	29.0	100
12/15/202	0:29:47 A	6.455	0.0000650	0.0000000	0.0788563	0.0002866	22.4	29.0	99
12/15/202	0:30:08 A	6.599	0.0000660	0.0000002	0.0806277	0.0002392	22.3	29.0	98
12/15/202	0:30:30 A	6.722	0.0000680	0.0000002	0.0827724	0.0004174	22.3	29.0	97
12/15/202	0:30:52 A	6.832	0.0000696	0.0000004	0.0844001	0.0001508	22.3	29.0	100
12/15/202	0:31:14 A	6.953	0.0000710	0.0000000	0.0861581	0.0002055	22.3	29.0	97
12/15/202	0:31:36 A	7.078	0.0000730	0.0000000	0.0881184	0.0001762	22.3	29.0	99
12/15/202	0:31:58 A	7.191	0.0000740	0.0000000	0.0899912	0.0002089	22.3	29.0	96
12/15/202	0:32:20 A	7.313	0.0000760	0.0000000	0.0915427	0.0000984	22.3	29.0	100
12/15/202	0:32:42 A	7.430	0.0000771	0.0000003	0.0936250	0.0001821	22.3	29.0	100
12/15/202	0:33:04 A	7.539	0.0000790	0.0000000	0.0953257	0.0001405	22.3	29.0	100
12/15/202	0:33:26 A	7.656	0.0000800	0.0000000	0.0971235	0.0001687	22.3	29.0	100
12/15/202	0:33:47 A	7.774	0.0000820	0.0000000	0.0989163	0.0002216	22.3	29.0	100
12/15/202	0:34:09 A	7.890	0.0000830	0.0000001	0.1006655	0.0001114	22.3	29.0	100
12/15/202	0:34:31 A	8.005	0.0000850	0.0000000	0.1026172	0.0001435	22.3	29.0	100
12/15/202	0:34:53 A	8.131	0.0000868	0.0000003	0.1045489	0.0001318	22.3	29.0	98
12/15/202	0:35:15 A	8.248	0.0000880	0.0000000	0.1064798	0.0001946	22.3	29.0	98
12/15/202	0:35:37 A	8.372	0.0000898	0.0000003	0.1084814	0.0002190	22.3	29.0	97
12/15/202	0:35:59 A	8.495	0.0000910	0.0000000	0.1103197	0.0002227	22.3	29.0	98
12/15/202	0:36:21 A	8.605	0.0000929	0.0000001	0.1120594	0.0002523	22.3	29.0	100
12/15/202	0:36:43 A	8.730	0.0000940	0.0000000	0.1141257	0.0001544	22.3	29.0	100
12/15/202	0:37:05 A	8.848	0.0000960	0.0000000	0.1160219	0.0003212	22.3	29.0	99
12/15/202	0:37:26 A	8.971	0.0000973	0.0000004	0.1180023	0.0002029	22.3	29.0	100
12/15/202	0:37:48 A	9.117	0.0000990	0.0000000	0.1198637	0.0002988	22.3	29.0	100
12/15/202	0:38:10 A	9.242	0.0001006	0.0000004	0.1219067	0.0004158	22.3	29.0	100
12/15/202	0:38:32 A	9.359	0.0001019	0.0000001	0.1236112	0.0003470	22.3	29.0	99
12/15/202	0:38:54 A	9.470	0.0001038	0.0000003	0.1256338	0.0003598	22.3	29.0	99
12/15/202	0:39:16 A	9.595	0.0001050	0.0000000	0.1276522	0.0003662	22.3	29.0	98
12/15/202	0:39:38 A	9.710	0.0001070	0.0000000	0.1301512	0.0004007	22.3	29.0	98
12/15/202	0:40:00 A	9.848	0.0001083	0.0000004	0.1321744	0.0006469	22.3	29.0	100
12/15/202	0:40:22 A	9.979	0.0001100	0.0000005	0.1339353	0.0010805	22.3	29.0	99
12/15/202	0:40:44 A	10.089	0.0001117	0.0000004	0.1359000	0.0006823	22.3	29.0	99
12/15/202	0:41:05 A	10.200	0.0001130	0.0000000	0.1375373	0.0002681	22.3	29.0	100
12/15/202	0:41:27 A	10.319	0.0001149	0.0000002	0.1395335	0.0003499	22.3	29.0	100
12/15/202	0:41:49 A	10.443	0.0001160	0.0000000	0.1413187	0.0002480	22.3	29.0	100
12/15/202	0:42:11 A	10.559	0.0001176	0.0000004	0.1431520	0.0002354	22.3	29.0	100
12/15/202	0:42:33 A	10.697	0.0001193	0.0000004	0.1457109	0.0006246	22.3	29.0	100
12/15/202	0:42:55 A	10.806	0.0001206	0.0000004	0.1471241	0.0005665	22.3	29.0	99
12/15/202	0:43:17 A	10.929	0.0001222	0.0000004	0.1484969	0.0004686	22.3	29.0	100
12/15/202	0:43:39 A	11.036	0.0001239	0.0000002	0.1503612	0.0002603	22.3	29.0	100
12/15/202	0:44:00 A	11.151	0.0001253	0.0000004	0.1522003	0.0003299	22.3	29.0	97
12/15/202	0:44:22 A	11.266	0.0001270	0.0000000	0.1543523	0.0002317	22.3	29.0	97
12/15/202	0:44:44 A	11.384	0.0001287	0.0000004	0.1562323	0.0002546	22.2	29.0	100
12/15/202	0:45:06 A	11.505	0.0001298	0.0000003	0.1578584	0.0003756	22.2	29.0	100
12/15/202	0:45:28 A	11.640	0.0001317	0.0000004	0.1599494	0.0002077	22.2	29.0	100
12/15/202	0:45:50 A	11.757	0.0001330	0.0000000	0.1617388	0.0002511	22.2	29.0	100
12/15/202	0:46:12 A	11.874	0.0001349	0.0000002	0.1636513	0.0002369	22.2	29.0	100
12/15/202	0:46:34 A	11.993	0.0001360	0.0000001	0.1657615	0.0000427	22.3	29.0	99
12/15/202	0:46:56 A	12.116	0.0001380	0.0000000	0.1675657	0.0002000	22.3	29.0	99
12/15/202	0:47:17 A	12.244	0.0001393	0.0000004	0.1694834	0.0002146	22.3	29.0	100
12/15/202	0:47:39 A	12.359	0.0001410	0.0000000	0.1713894	0.0001776	22.3	29.0	99
12/15/202	0:48:01 A	12.473	0.0001427	0.0000004	0.1731715	0.0002422	22.3	29.0	99
12/15/202	0:48:23 A	12.591	0.0001440	0.0000000	0.1748042	0.0003270	22.3	29.0	100
12/15/202	0:48:45 A	12.712	0.0001460	0.0000000	0.1770061	0.0002067	22.3	29.0	98
12/15/202	0:49:07 A	12.826	0.0001474	0.0000004	0.1788881	0.0001373	22.3	29.0	97
12/15/202	0:49:29 A	12.947	0.0001490	0.0000000	0.1807198	0.0002731	22.3	29.0	100
12/15/202	0:49:51 A	13.083	0.0001503	0.0000005	0.1822197	0.0007247	22.3	29.0	100
12/15/202	0:50:12 A	13.183	0.0001520	0.0000000	0.1843666	0.0001379	22.3	29.0	99
12/15/202	0:50:34 A	13.309	0.0001538	0.0000003	0.1860683	0.0002783	22.3	29.0	100
12/15/202	0:50:56 A	13.424	0.0001550	0.0000000	0.1877291	0.0002059	22.3	29.0	100
12/15/202	0:51:18 A	13.550	0.0001570	0.0000000	0.1895172	0.0001051	22.3	29.0	100
12/15/202	0:51:40 A	13.667	0.0001580	0.0000000	0.1913115	0.0000968	22.3	29.0	99
12/15/202	0:52:02 A	13.784	0.0001600	0.0000000	0.1930128	0.0001078	22.3	29.0	99
12/15/202	0:52:24 A	13.908	0.0001610	0.0000000	0.1946415	0.0002686	22.3	29.0	100
12/15/202	0:52:46 A	14.048	0.0001630	0.0000000	0.1964022	0.0001586	22.3	29.0	100
12/15/202	0:53:07 A	14.169	0.0001640	0.0000000	0.1982329	0.0001367	22.3	29.0	97
12/15/202	0:53:29 A	14.289	0.0001660	0.0000000	0.1998050	0.0005273	22.3	29.0	99
12/15/202	0:53:51 A	14.404	0.0001670	0.0000001	0.2019064	0.0001267	22.3	29.0	99
12/15/202	0:54:13 A	14.521	0.0001690	0.0000000	0.2037813	0.0001405	22.3	29.0	100
12/15/202	0:54:35 A	14.638	0.0001701	0.0000003	0.2056521	0.0001295	22.3	29.0	100
12/15/202	0:54:57 A	14.757	0.0001720	0.0000000	0.2075957	0.0000680	22.3	29.0	100
12/15/202	0:55:19 A	14.876	0.0001739	0.0000002	0.2093944	0.0001128	22.3	29.0	99
12/15/202	0:55:41 A	14.993	0.0001750	0.0000000	0.2111076	0.0001204	22.2	29.0	99
12/15/202	0:56:03 A	15.114	0.0001769	0.0000002	0.2126836	0.0002271	22.2	29.0	99
12/15/202	0:56:24 A	15.235	0.0001780	0.0000000	0.2144297	0.0002497	22.2	29.0	100
12/15/202	0:56:46 A	15.344	0.0001798	0.0000003	0.2161236	0.0002256	22.2	29.0	99
12/15/202	0:57:08 A	15.464	0.0001810	0.0000000	0.2180713	0.0002178	22.2	29.0	100
12/15/202	0:57:30 A	15.579	0.0001829	0.0000002	0.2199519	0.0001971	22.2	29.0	99
12/15/202	0:57:52 A	15.696	0.0001840	0.0000000	0.2216012	0.0002677	22.2	29.0	96
12/15/202	0:58:14 A	15.814	0.0001857	0.0000004	0.2235622	0.0002217	22.2	29.0	100
12/15/202	0:58:36 A	15.930	0.0001870	0.0000000	0.2255783	0.0000912	22.2	29.0	100
12/15/202	0:58:58 A	16.045	0.0001888	0.0000003	0.2273521	0.0002952	22.2	29.0	99
12/15/202	0:59:19 A	16.160	0.0001900	0.0000000	0.2291804	0.0001179	22.2	29.0	100
12/15/202	0:59:41 A	16.281	0.0001918	0.0000004	0.2308105	0.0002856	22.2	29.0	100
12/15/202	1:00:03 A	16.395	0.0001930	0.0000000	0.2326776	0.0002232	22.2	29.0	100
12/15/202	1:00:25 A	16.554	0.0001949	0.0000001	0.2347751	0.0000872	22.2	29.0	100
12/15/202	1:00:47 A	16.660	0.0001959	0.0000001	0.2364638	0.0001462	22.2	29.0	98
12/15/202	1:01:09 A	16.792	0.0001979	0.0000003	0.2375919	0.0008610	22.2	29.0	100
12/15/202	1:01:31 A	16.899	0.0001987	0.0000005	0.2399458	0.0006608	22.2	29.0	100
12/15/202	1:01:53 A	17.018	0.0002009	0.0000001	0.2421767	0.0000696	22.2	29.0	96
12/15/202	1:02:15 A	17.136	0.0002020	0.0000000	0.2438722	0.0001853	22.2	29.0	98
12/15/202	1:02:36 A	17.250	0.0002038	0.0000004	0.2455179	0.0011093	22.2	29.0	100
12/15/202	1:02:58 A	17.372	0.0002050	0.0000001	0.2478496	0.0000610	22.2	29.0	100
12/15/202	1:03:20 A	17.484	0.0002067	0.0000008	0.2493464	0.0009342	22.2	29.0	100
12/15/202	1:03:42 A	17.598	0.0002082	0.0000004	0.2512335	0.0006463	22.2	29.0	100
12/15/202	1:04:04 A	17.714	0.0002099	0.0000003	0.2529799	0.0006582	22.2	29.0	100
12/15/202	1:04:26 A	17.832	0.0002117	0.0000005	0.2553346	0.0003906	22.2	29.0	98
12/15/202	1:04:48 A	17.951	0.0002122	0.0000011	0.2567258	0.0015251	22.2	29.0	97
12/15/202	1:05:10 A	18.074	0.0002145	0.0000009	0.2587715	0.0017556	22.2	29.0	100
12/15/202	1:05:31 A	18.203	0.0002168	0.0000003	0.2609771	0.0022321	22.2	29.0	100
12/15/202	1:05:53 A	18.324	0.0002178	0.0000004	0.2636502	0.0005089	22.2	29.0	100
12/15/202	1:06:15 A	18.443	0.0002200	0.0000000	0.2660530	0.0000550	22.2	29.0	97
12/15/202	1:06:37 A	18.563	0.0002210	0.0000002	0.2680543	0.0001456	22.2	29.0	100
12/15/202	1:06:59 A	18.687	0.0002230	0.0000000	0.2702149	0.0000945	22.2	29.0	99
12/15/202	1:07:21 A	18.806	0.0002248	0.0000004	0.2721848	0.0001066	22.2	29.0	100
12/15/202	1:07:43 A	18.941	0.0002260	0.0000000	0.2744367	0.0000903	22.2	29.0	100
12/15/202	1:08:05 A	19.071	0.0002279	0.0000002	0.2763650	0.0001998	22.2	29.0	99
12/15/202	1:08:27 A	19.194	0.0002290	0.0000000	0.2784646	0.0000908	22.2	29.0	99
12/15/202	1:08:48 A	19.311	0.0002302	0.0000009	0.2793713	0.0012638	22.2	29.0	99
12/15/202	1:09:10 A	19.428	0.0002329	0.0000002	0.2823816	0.0000421	22.2	29.0	100
12/15/202	1:09:32 A	19.551	0.0002340	0.0000000	0.2842806	0.0000458	22.2	29.0	99
12/15/202	1:09:54 A	19.670	0.0002360	0.0000000	0.2863086	0.0000334	22.2	29.0	98
12/15/202	1:10:16 A	19.790	0.0002370	0.0000000	0.2878697	0.0001067	22.1	29.0	98
12/15/202	1:10:38 A	19.910	0.0002387	0.0000005	0.2895856	0.0008270	22.1	29.0	100
12/15/202	1:11:00 A	20.021	0.0002400	0.0000005	0.2919170	0.0006931	22.1	29.0	98
12/15/202	1:11:22 A	20.142	0.0002420	0.0000000	0.2939380	0.0000468	22.1	29.0	100
12/15/202	1:11:43 A	20.263	0.0002436	0.0000005	0.2956952	0.0002418	22.1	29.0	100
12/15/202	1:12:05 A	20.380	0.0002449	0.0000002	0.2975646	0.0002076	22.2	29.0	100
12/15/202	1:12:27 A	20.501	0.0002468	0.0000003	0.2994883	0.0002067	22.2	29.0	100
12/15/202	1:12:49 A	20.612	0.0002478	0.0000006	0.3011754	0.0004533	22.2	29.0	100
12/15/202	1:13:11 A	20.738	0.0002495	0.0000007	0.3022657	0.0010934	22.2	29.0	100
12/15/202	1:13:33 A	20.859	0.0002510	0.0000000	0.3045128	0.0004592	22.2	29.0	98
12/15/202	1:13:55 A	20.983	0.0002530	0.0000000	0.3062185	0.0000820	22.2	29.0	100
12/15/202	1:14:17 A	21.096	0.0002540	0.0000003	0.3077388	0.0004491	22.2	29.0	97
12/15/202	1:14:39 A	21.225	0.0002560	0.0000000	0.3095851	0.0004507	22.2	29.0	96
12/15/202	1:15:01 A	21.345	0.0002580	0.0000000	0.3111857	0.0007002	22.2	29.0	100
12/15/202	1:15:24 A	21.493	0.0002591	0.0000003	0.3135062	0.0004327	22.2	29.0	100
12/15/202	1:15:46 A	21.642	0.0002610	0.0000000	0.3148406	0.0013681	22.2	29.0	100
12/15/202	1:16:07 A	21.729	0.0002620	0.0000000	0.3167091	0.0001747	22.2	29.0	99
12/15/202	1:16:29 A	21.852	0.0002640	0.0000000	0.3182339	0.0005888	22.2	29.0	100
12/15/202	1:16:52 A	21.964	0.0002650	0.0000001	0.3199469	0.0002370	22.2	29.0	99
12/15/202	1:17:13 A	22.121	0.0002670	0.0000000	0.3218205	0.0002475	22.2	29.0	100
12/15/202	1:17:35 A	22.204	0.0002686	0.0000004	0.3233843	0.0006254	22.1	29.0	100
12/15/202	1:17:57 A	22.341	0.0002700	0.0000001	0.3254141	0.0004658	22.1	29.0	100
12/15/202	1:18:19 A	22.426	0.0002714	0.0000005	0.3274284	0.0003001	22.1	29.0	97
12/15/202	1:18:41 A	22.538	0.0002730	0.0000000	0.3289943	0.0004817	22.1	29.0	96
12/15/202	1:19:03 A	22.650	0.0002740	0.0000000	0.3306842	0.0003768	22.1	29.0	100
12/15/202	1:19:25 A	22.783	0.0002759	0.0000002	0.3325014	0.0003588	22.1	29.0	100
12/15/202	1:19:47 A	22.910	0.0002770	0.0000002	0.3344321	0.0001047	22.1	29.0	100
12/15/202	1:20:09 A	23.027	0.0002789	0.0000002	0.3362308	0.0001022	22.1	29.0	100
12/15/202	1:20:30 A	23.131	0.0002799	0.0000001	0.3377134	0.0002088	22.1	29.0	100
12/15/202	1:20:52 A	23.249	0.0002819	0.0000002	0.3392770	0.0003211	22.1	29.0	100
12/15/202	1:21:14 A	23.369	0.0002831	0.0000004	0.3416297	0.0008115	22.1	29.0	100
12/15/202	1:21:36 A	23.475	0.0002850	0.0000003	0.3433128	0.0010506	22.1	29.0	98
12/15/202	1:21:59 A	23.596	0.0002860	0.0000000	0.3448397	0.0000864	22.1	29.0	98
12/15/202	1:22:22 A	23.713	0.0002872	0.0000004	0.3461655	0.0002930	22.1	29.0	100
12/15/202	1:22:44 A	23.822	0.0002890	0.0000000	0.3476179	0.0002533	22.1	29.0	97
12/15/202	1:23:05 A	23.970	0.0002899	0.0000002	0.3495169	0.0002821	22.1	29.0	99
12/15/202	1:23:27 A	24.085	0.0002920	0.0000000	0.3511020	0.0001306	22.1	29.0	99
12/15/202	1:23:49 A	24.194	0.0002930	0.0000000	0.3530968	0.0000987	22.1	29.0	100
12/15/202	1:24:12 A	24.303	0.0002947	0.0000004	0.3549523	0.0001360	22.1	29.0	100
12/15/202	1:24:35 A	24.425	0.0002960	0.0000001	0.3566012	0.0002629	22.1	29.0	100
12/15/202	1:24:57 A	24.534	0.0002970	0.0000001	0.3578431	0.0003056	22.1	29.0	100
12/15/202	1:25:20 A	24.648	0.0002990	0.0000002	0.3598592	0.0002588	22.1	29.0	100
12/15/202	1:25:42 A	24.765	0.0002997	0.0000007	0.3608902	0.0022438	22.1	29.0	100
12/15/202	1:26:04 A	24.888	0.0003019	0.0000001	0.3636767	0.0003866	22.1	29.0	98
12/15/202	1:26:26 A	25.011	0.0003030	0.0000000	0.3657990	0.0003646	22.1	29.0	99
12/15/202	1:26:48 A	25.151	0.0003049	0.0000003	0.3680367	0.0002219	22.1	29.0	100
12/15/202	1:27:10 A	25.243	0.0003069	0.0000001	0.3703306	0.0001090	22.1	29.0	98
12/15/202	1:27:32 A	25.354	0.0003079	0.0000003	0.3719863	0.0015421	22.1	29.0	96
12/15/202	1:27:53 A	25.466	0.0003090	0.0000001	0.3740585	0.0001535	22.1	29.0	97
12/15/202	1:28:15 A	25.570	0.0003110	0.0000000	0.3765716	0.0014260	22.1	29.0	100
12/15/202	1:28:37 A	25.709	0.0003120	0.0000003	0.3766698	0.0023932	22.1	29.0	99
12/15/202	1:28:59 A	25.818	0.0003140	0.0000002	0.3797386	0.0003378	22.1	29.0	100
12/15/202	1:29:21 A	25.936	0.0003153	0.0000004	0.3813535	0.0002312	22.1	29.0	100
12/15/202	1:29:43 A	26.055	0.0003170	0.0000000	0.3836764	0.0000683	22.1	29.0	100
12/15/202	1:30:05 A	26.182	0.0003190	0.0000000	0.3859401	0.0000534	22.1	29.0	100
12/15/202	1:30:27 A	26.297	0.0003204	0.0000005	0.3881784	0.0001197	22.1	29.0	100
12/15/202	1:30:48 A	26.462	0.0003220	0.0000000	0.3903054	0.0001327	22.1	29.0	98
12/15/202	1:31:10 A	26.572	0.0003239	0.0000001	0.3925467	0.0006455	22.1	29.0	98
12/15/202	1:31:32 A	26.700	0.0003250	0.0000000	0.3944665	0.0000634	22.1	29.0	100
12/15/202	1:31:54 A	26.817	0.0003270	0.0000000	0.3969356	0.0007384	22.1	29.0	100
12/15/202	1:32:16 A	26.946	0.0003281	0.0000003	0.3981169	0.0002830	22.1	29.0	99
12/15/202	1:32:38 A	27.046	0.0003302	0.0000004	0.4011675	0.0004718	22.1	29.0	99
12/15/202	1:33:00 A	27.156	0.0003320	0.0000002	0.4033984	0.0012117	22.1	29.0	100
12/15/202	1:33:22 A	27.294	0.0003340	0.0000000	0.4050356	0.0001721	22.1	29.0	99
12/15/202	1:33:43 A	27.427	0.0003353	0.0000006	0.4079983	0.0016786	22.1	29.0	99
12/15/202	1:34:05 A	27.540	0.0003371	0.0000004	0.4096599	0.0007961	22.1	29.0	100
12/15/202	1:34:27 A	27.677	0.0003391	0.0000004	0.4119295	0.0011574	22.1	29.0	100
12/15/202	1:34:49 A	27.800	0.0003402	0.0000006	0.4137280	0.0010671	22.1	29.0	100
12/15/202	1:35:11 A	27.885	0.0003419	0.0000005	0.4149076	0.0013851	22.1	29.0	99
12/15/202	1:35:33 A	28.029	0.0003433	0.0000004	0.4165039	0.0003006	22.1	29.0	98
12/15/202	1:35:55 A	28.157	0.0003450	0.0000000	0.4184773	0.0006620	22.1	29.0	100
12/15/202	1:36:17 A	28.243	0.0003461	0.0000003	0.4194441	0.0017366	22.1	29.0	98
12/15/202	1:36:39 A	28.376	0.0003480	0.0000000	0.4214955	0.0007912	22.1	29.0	98
12/15/202	1:37:00 A	28.491	0.0003493	0.0000004	0.4212680	0.0028464	22.1	29.0	100
12/15/202	1:37:22 A	28.618	0.0003510	0.0000000	0.4251395	0.0015104	22.1	29.0	100
12/15/202	1:37:44 A	28.744	0.0003527	0.0000005	0.4275167	0.0014510	22.1	29.0	100
12/15/202	1:38:06 A	28.892	0.0003539	0.0000002	0.4294301	0.0005501	22.1	29.0	100
12/15/202	1:38:28 A	29.008	0.0003558	0.0000003	0.4314277	0.0004912	22.1	29.0	100
12/15/202	1:38:50 A	29.125	0.0003570	0.0000000	0.4331989	0.0001260	22.1	29.0	100
12/15/202	1:39:12 A	29.244	0.0003580	0.0000000	0.4347624	0.0002148	22.1	29.0	98
12/15/202	1:39:34 A	29.351	0.0003601	0.0000003	0.4365991	0.0016345	22.1	29.0	98
12/15/202	1:39:55 A	29.424	0.0003619	0.0000001	0.4387709	0.0006492	22.1	29.0	100
12/15/202	1:40:17 A	29.585	0.0003629	0.0000002	0.4406352	0.0015276	22.1	29.0	99
12/15/202	1:40:39 A	29.716	0.0003638	0.0000004	0.4431665	0.0029728	22.1	29.0	96
12/15/202	1:41:01 A	29.797	0.0003659	0.0000002	0.4434665	0.0005397	22.1	29.0	100
12/15/202	1:41:23 A	29.927	0.0003670	0.0000001	0.4450616	0.0005582	22.1	29.0	100
12/15/202	1:41:45 A	30.041	0.0003688	0.0000003	0.4467089	0.0012648	22.1	29.0	100
12/15/202	1:42:07 A	30.157	0.0003703	0.0000009	0.4486813	0.0015843	22.1	29.0	100
12/15/202	1:42:29 A	30.316	0.0003717	0.0000013	0.4512291	0.0023202	22.1	29.0	100
12/15/202	1:42:50 A	30.403	0.0003734	0.0000010	0.4529394	0.0022265	22.1	29.0	100
12/15/202	1:43:12 A	30.509	0.0003744	0.0000010	0.4547971	0.0023805	22.1	29.0	100
12/15/202	1:43:34 A	30.626	0.0003760	0.0000004	0.4547908	0.0005335	22.1	29.0	98
12/15/202	1:43:56 A	30.715	0.0003770	0.0000003	0.4566218	0.0007242	22.1	29.0	100
12/15/202	1:44:18 A	30.830	0.0003782	0.0000004	0.4580312	0.0012402	22.1	29.0	99
12/15/202	1:44:40 A	30.928	0.0003794	0.0000014	0.4599082	0.0016854	22.1	29.0	97
12/15/202	1:45:02 A	31.053	0.0003798	0.0000017	0.4610300	0.0011800	22.1	29.0	100
12/15/202	1:45:24 A	31.123	0.0003818	0.0000004	0.4627923	0.0017404	22.1	29.0	100
12/15/202	1:45:46 A	31.290	0.0003834	0.0000007	0.4639461	0.0006848	22.1	29.0	100
12/15/202	1:46:08 A	31.436	0.0003846	0.0000008	0.4656730	0.0002839	22.0	29.0	100
12/15/202	1:46:29 A	31.555	0.0003855	0.0000010	0.4668387	0.0008390	22.0	29.0	100
12/15/202	1:46:51 A	31.668	0.0003870	0.0000000	0.4684288	0.0008885	22.0	29.0	99
12/15/202	1:47:13 A	31.755	0.0003879	0.0000005	0.4695173	0.0007885	22.0	29.0	98
12/15/202	1:47:35 A	31.866	0.0003896	0.0000007	0.4713980	0.0007276	22.0	29.0	100
12/15/202	1:47:57 A	31.969	0.0003918	0.0000004	0.4738133	0.0006944	22.0	29.0	100
12/15/202	1:48:19 A	32.073	0.0003927	0.0000006	0.4753909	0.0003108	22.0	29.0	99
12/15/202	1:48:41 A	32.212	0.0003946	0.0000005	0.4777768	0.0002923	22.0	29.0	97
12/15/202	1:49:03 A	32.296	0.0003957	0.0000012	0.4787986	0.0008389	22.0	29.0	100
12/15/202	1:49:25 A	32.409	0.0003969	0.0000004	0.4809042	0.0010520	22.0	29.0	98
12/15/202	1:49:46 A	32.534	0.0003989	0.0000004	0.4835210	0.0010309	22.0	29.0	99
12/15/202	1:50:08 A	32.627	0.0003997	0.0000007	0.4860522	0.0020088	22.0	29.0	100
12/15/202	1:50:30 A	32.751	0.0004020	0.0000008	0.4878107	0.0021544	22.0	29.0	100
12/15/202	1:50:52 A	32.913	0.0004029	0.0000002	0.4882275	0.0011851	22.0	29.0	99
12/15/202	1:51:14 A	33.022	0.0004044	0.0000005	0.4899380	0.0012105	22.0	29.0	100
12/15/202	1:51:36 A	33.133	0.0004054	0.0000005	0.4909824	0.0002370	22.0	29.0	100
12/15/202	1:51:58 A	33.202	0.0004072	0.0000006	0.4931178	0.0013654	22.0	29.0	100
12/15/202	1:52:20 A	33.380	0.0004077	0.0000013	0.4941874	0.0016167	22.0	29.0	100
12/15/202	1:52:41 A	33.427	0.0004098	0.0000007	0.4969310	0.0012727	22.0	29.0	96
12/15/202	1:53:03 A	33.548	0.0004108	0.0000006	0.4978538	0.0023113	22.0	29.0	98
12/15/202	1:53:25 A	33.669	0.0004115	0.0000016	0.4978234	0.0025203	22.0	29.0	100
12/15/202	1:53:47 A	33.750	0.0004123	0.0000021	0.4980068	0.0022821	22.0	29.0	100
12/15/202	1:54:09 A	33.970	0.0004131	0.0000025	0.4997676	0.0031130	22.0	29.0	100
12/15/202	1:54:31 A	34.022	0.0004146	0.0000031	0.5004566	0.0039010	22.0	29.0	100
12/15/202	1:54:53 A	34.275	0.0004165	0.0000023	0.5030258	0.0028253	22.0	29.0	100
12/15/202	1:55:15 A	34.327	0.0004195	0.0000006	0.5064370	0.0024071	22.0	29.0	100
12/15/202	1:55:36 A	34.520	0.0004214	0.0000012	0.5078699	0.0037948	22.0	29.0	100
12/15/202	1:55:58 A	34.649	0.0004238	0.0000019	0.5127121	0.0027459	22.0	29.0	100
12/15/202	1:56:20 A	34.774	0.0004267	0.0000015	0.5168205	0.0025483	22.0	29.0	98
12/15/202	1:56:42 A	34.945	0.0004291	0.0000012	0.5203540	0.0012054	22.0	29.0	97
12/15/202	1:57:04 A	35.040	0.0004313	0.0000024	0.5230751	0.0025818	22.0	29.0	99
12/15/202	1:57:26 A	35.189	0.0004330	0.0000002	0.5252614	0.0004462	22.0	29.0	96
12/15/202	1:57:48 A	35.315	0.0004350	0.0000000	0.5278758	0.0003570	22.0	29.0	98
12/15/202	1:58:10 A	35.429	0.0004369	0.0000001	0.5302789	0.0001433	22.0	29.0	100
12/15/202	1:58:32 A	35.548	0.0004380	0.0000000	0.5322651	0.0001576	22.0	29.0	100
12/15/202	1:58:53 A	35.668	0.0004376	0.0000042	0.5315504	0.0048907	22.0	29.0	99
12/15/202	1:59:15 A	35.734	0.0004369	0.0000049	0.5296862	0.0068159	22.0	29.0	100
12/15/202	1:59:37 A	35.813	0.0004375	0.0000054	0.5294569	0.0077278	22.0	29.0	99
12/15/202	1:59:59 A	35.881	0.0004343	0.0000088	0.5231139	0.0136009	22.0	29.0	99
12/15/202	2:00:21 A	36.001	0.0004359	0.0000081	0.5232089	0.0130588	22.0	29.0	100
12/15/202	2:00:43 A	36.082	0.0004448	0.0000042	0.5269295	0.0156928	22.0	29.0	98
12/15/202	2:01:05 A	36.369	0.0004444	0.0000067	0.5337057	0.0115684	22.0	29.0	98
12/15/202	2:01:27 A	36.486	0.0004461	0.0000051	0.5407006	0.0070967	22.0	29.0	99
12/15/202	2:01:48 A	36.593	0.0004482	0.0000061	0.5433004	0.0084430	22.0	29.0	100
12/15/202	2:02:10 A	36.722	0.0004519	0.0000004	0.5476304	0.0005753	22.0	29.0	100
12/15/202	2:02:32 A	36.844	0.0004528	0.0000005	0.5487986	0.0002576	22.0	29.0	100
12/15/202	2:02:54 A	36.944	0.0004542	0.0000004	0.5494835	0.0003459	22.0	29.0	100
12/15/202	2:03:16 A	37.045	0.0004555	0.0000007	0.5506279	0.0010085	22.0	29.0	100
12/15/202	2:03:38 A	37.164	0.0004566	0.0000004	0.5520958	0.0005008	22.0	29.0	99
12/15/202	2:04:00 A	37.278	0.0004579	0.0000002	0.5532110	0.0003075	22.0	29.0	100
12/15/202	2:04:22 A	37.393	0.0004585	0.0000005	0.5537023	0.0007239	22.0	29.0	100
12/15/202	2:04:44 A	37.483	0.0004589	0.0000001	0.5543075	0.0004502	22.0	29.0	100
12/15/202	2:05:06 A	37.583	0.0004596	0.0000014	0.5553888	0.0009734	22.0	29.0	99
12/15/202	2:05:28 A	37.644	0.0004586	0.0000039	0.5542005	0.0049276	22.0	29.0	99
12/15/202	2:05:50 A	37.805	0.0004588	0.0000055	0.5547191	0.0076512	22.0	29.0	100
12/15/202	2:06:12 A	37.897	0.0004604	0.0000044	0.5561079	0.0045853	22.0	29.0	100
12/15/202	2:06:34 A	37.835	0.0004637	0.0000017	0.5582307	0.0058195	22.0	29.0	97
12/15/202	2:06:55 A	38.092	0.0004636	0.0000038	0.5597330	0.0059483	22.0	29.0	99
12/15/202	2:07:17 A	38.215	0.0004640	0.0000042	0.5588006	0.0076870	22.0	29.0	100
12/15/202	2:07:39 A	38.306	0.0004670	0.0000043	0.5620197	0.0103816	22.0	29.0	100
12/15/202	2:08:01 A	38.434	0.0004693	0.0000027	0.5694791	0.0109062	22.0	29.0	100
12/15/202	2:08:23 A	38.558	0.0004675	0.0000059	0.5654385	0.0096456	22.0	29.0	100
12/15/202	2:08:45 A	38.511	0.0004734	0.0000008	0.5773565	0.0066299	22.0	29.0	100
12/15/202	2:09:07 A	38.796	0.0004747	0.0000013	0.5753585	0.0016267	22.0	29.0	100
12/15/202	2:09:29 A	38.905	0.0004765	0.0000012	0.5779557	0.0020349	22.0	29.0	97
12/15/202	2:09:51 A	39.021	0.0004779	0.0000003	0.5801433	0.0008209	22.0	29.0	100
12/15/202	2:10:12 A	39.111	0.0004801	0.0000011	0.5832531	0.0008843	22.0	29.0	100
12/15/202	2:10:34 A	39.242	0.0004821	0.0000006	0.5859252	0.0016000	22.0	29.0	97
12/15/202	2:10:56 A	39.357	0.0004842	0.0000004	0.5891914	0.0011541	22.0	29.0	95
12/15/202	2:11:18 A	39.485	0.0004862	0.0000018	0.5919076	0.0026201	22.0	29.0	100
12/15/202	2:11:40 A	39.588	0.0004876	0.0000015	0.5932220	0.0022076	22.0	29.0	100
12/15/202	2:12:02 A	39.740	0.0004890	0.0000005	0.5950457	0.0014914	22.0	29.0	100
12/15/202	2:12:24 A	39.865	0.0004903	0.0000004	0.5967642	0.0005015	22.0	29.0	99
12/15/202	2:12:46 A	39.970	0.0004929	0.0000002	0.6005302	0.0016762	22.0	29.0	100
12/15/202	2:13:08 A	40.089	0.0004933	0.0000007	0.6010220	0.0015018	22.0	29.0	99
12/15/202	2:13:29 A	40.217	0.0004952	0.0000004	0.6035899	0.0005482	22.0	29.0	99
12/15/202	2:13:51 A	40.351	0.0004970	0.0000003	0.6043809	0.0009522	22.0	29.0	100
12/15/202	2:14:13 A	40.467	0.0004985	0.0000007	0.6068167	0.0010526	22.0	29.0	100
12/15/202	2:14:35 A	40.598	0.0004995	0.0000005	0.6072235	0.0010085	22.0	29.0	97
12/15/202	2:14:57 A	40.707	0.0005014	0.0000010	0.6098313	0.0017399	22.0	29.0	96
12/15/202	2:15:19 A	40.823	0.0005040	0.0000003	0.6135673	0.0007432	21.9	29.0	99
12/15/202	2:15:41 A	40.949	0.0005061	0.0000003	0.6161445	0.0002577	21.9	29.0	100
12/15/202	2:16:03 A	41.053	0.0005077	0.0000004	0.6173446	0.0003891	21.9	29.0	100
12/15/202	2:16:24 A	41.178	0.0005090	0.0000000	0.6201197	0.0003731	21.9	29.0	100
12/15/202	2:16:46 A	41.322	0.0005108	0.0000003	0.6211144	0.0003657	21.9	29.0	100
12/15/202	2:17:08 A	41.451	0.0005124	0.0000005	0.6221320	0.0006604	21.9	29.0	100
12/15/202	2:17:30 A	41.571	0.0005138	0.0000003	0.6230251	0.0004255	21.9	29.0	99
12/15/202	2:17:52 A	41.668	0.0005147	0.0000004	0.6231929	0.0005214	21.9	29.0	100
12/15/202	2:18:14 A	41.797	0.0005159	0.0000003	0.6233644	0.0019126	21.9	29.0	98
12/15/202	2:18:36 A	41.905	0.0005173	0.0000004	0.6251473	0.0003008	21.9	29.0	97
12/15/202	2:18:58 A	42.049	0.0005187	0.0000009	0.6274274	0.0022760	21.9	29.0	99
