2024-07-24-22:57:51	0.000	-0.000032000	0.000000000	0.000001695	0.000000171	20.5	37.0	100
2024-07-24-22:58:14	2.200	-0.000024929	0.000000258	0.010772453	0.000049248	20.5	37.0	99
2024-07-24-22:58:38	3.170	-0.000015000	0.000000000	0.024878294	0.000054849	20.5	37.0	100
2024-07-24-22:59:02	4.180	-0.000005000	0.000000000	0.039274925	0.000117037	20.5	37.0	99
2024-07-24-22:59:26	5.170	0.000005000	0.000000000	0.053665409	0.000097615	20.5	37.0	98
2024-07-24-22:59:50	6.150	0.000015000	0.000000000	0.068456482	0.000092815	20.5	37.0	98
2024-07-24-23:00:14	7.160	0.000025021	0.000000143	0.082798886	0.000154024	20.5	37.0	97
2024-07-24-23:00:38	8.150	0.000035400	0.000000492	0.097474187	0.000190962	20.5	37.0	100
2024-07-24-23:01:02	9.180	0.000045505	0.000000503	0.111785780	0.000207619	20.5	37.0	99
2024-07-24-23:01:26	10.190	0.000056000	0.000000000	0.126023681	0.000290493	20.5	37.0	100
2024-07-24-23:01:49	11.170	0.000066000	0.000000000	0.140372659	0.000193847	20.5	37.0	100
2024-07-24-23:02:13	12.180	0.000075030	0.000000171	0.152892929	0.000380175	20.5	37.0	100
2024-07-24-23:02:37	13.150	0.000085000	0.000000000	0.167233875	0.000228019	20.5	37.0	100
2024-07-24-23:03:01	14.150	0.000095182	0.000000388	0.182070520	0.000222465	20.5	37.0	99
2024-07-24-23:03:25	15.100	0.000104929	0.000000295	0.195602043	0.000663823	20.5	37.0	99
2024-07-24-23:03:49	16.090	0.000116111	0.000000426	0.213044848	0.000926358	20.5	37.0	99
2024-07-24-23:04:13	17.070	0.000125694	0.000000633	0.227355655	0.001032852	20.5	37.0	98
2024-07-24-23:04:37	18.090	0.000136000	0.000000612	0.241882472	0.001266195	20.5	37.0	97
2024-07-24-23:05:00	19.160	0.000146141	0.000000378	0.255573535	0.000737777	20.4	37.0	99
2024-07-24-23:05:24	20.090	0.000155850	0.000000500	0.268261494	0.000977601	20.4	37.0	100
2024-07-24-23:05:48	21.000	0.000162860	0.000000766	0.276822113	0.002001160	20.4	37.0	100
2024-07-24-23:06:12	21.950	0.000173910	0.000000552	0.292546660	0.000978590	20.4	37.0	100
2024-07-24-23:06:36	22.900	0.000183550	0.000001282	0.306468572	0.001230733	20.4	37.0	100
2024-07-24-23:07:00	23.850	0.000194970	0.000000826	0.324972176	0.001990347	20.5	37.0	99
2024-07-24-23:07:24	24.780	0.000204747	0.000000612	0.342437344	0.000987798	20.5	37.0	99
2024-07-24-23:07:47	25.810	0.000214889	0.000000513	0.355157719	0.000743530	20.5	37.0	99
2024-07-24-23:08:11	26.850	0.000223970	0.000000302	0.365668802	0.001428421	20.5	37.0	99
2024-07-24-23:08:35	27.820	0.000232112	0.000003217	0.378464524	0.003826642	20.5	37.0	98
2024-07-24-23:08:59	28.790	0.000243592	0.000001893	0.393915694	0.003656296	20.5	37.0	98
2024-07-24-23:09:23	29.740	0.000255250	0.000001167	0.413663481	0.003130756	20.5	37.0	100
2024-07-24-23:09:47	30.790	0.000264450	0.000000520	0.424498152	0.000759779	20.5	37.0	100
2024-07-24-23:10:11	31.790	0.000275490	0.000000628	0.441652167	0.001358862	20.5	37.0	100
2024-07-24-23:10:35	32.710	0.000284640	0.000000927	0.455465488	0.000719132	20.5	37.0	100
2024-07-24-23:10:59	33.660	0.000294525	0.000000873	0.468804173	0.000856770	20.5	37.0	99
2024-07-24-23:11:22	34.690	0.000299910	0.000003867	0.476815237	0.004335396	20.5	37.0	100
2024-07-24-23:11:46	35.760	0.000312657	0.000001371	0.494083706	0.000917159	20.5	37.0	99
2024-07-24-23:12:10	36.780	0.000322859	0.000000655	0.509243448	0.000443435	20.5	37.0	99
2024-07-24-23:12:34	37.530	0.000331131	0.000002385	0.523353085	0.002344254	20.5	37.0	99
2024-07-24-23:12:58	38.570	0.000343755	0.000001036	0.541560128	0.001308767	20.5	37.0	98
2024-07-24-23:13:22	39.620	0.000350958	0.000005057	0.552906181	0.003914099	20.5	37.0	96
2024-07-24-23:13:46	40.590	0.000357690	0.000005622	0.559070375	0.007383152	20.5	37.0	100
2024-07-24-23:14:09	41.580	0.000364450	0.000005980	0.567865452	0.007551499	20.5	37.0	100
2024-07-24-23:14:33	42.560	0.000375800	0.000005395	0.577956030	0.012306525	20.5	37.0	100
2024-07-24-23:14:57	43.580	0.000390000	0.000000000	0.602555549	0.000234147	20.4	37.0	100
2024-07-24-23:15:21	44.570	0.000401000	0.000000000	0.620234628	0.000957856	20.4	37.0	99
2024-07-24-23:15:45	45.540	0.000410990	0.000000101	0.634954495	0.001445951	20.4	37.0	99
2024-07-24-23:16:09	46.540	0.000420980	0.000000141	0.649371512	0.000484095	20.4	37.0	99
2024-07-24-23:16:33	47.490	0.000427929	0.000004487	0.660662605	0.003300537	20.4	37.0	98
2024-07-24-23:16:57	48.440	0.000439010	0.000002764	0.673092816	0.002540619	20.4	37.0	98
2024-07-24-23:17:20	49.490	0.000449616	0.000001469	0.685264469	0.001452065	20.4	37.0	99
2024-07-24-23:17:44	50.420	0.000459388	0.000002393	0.698372328	0.001880316	20.4	37.0	98
2024-07-24-23:18:08	51.440	0.000471090	0.000003111	0.717623072	0.008409653	20.4	37.0	100
2024-07-24-23:18:32	52.400	0.000480000	0.000000000	0.730048159	0.000185028	20.4	37.0	100
2024-07-24-23:18:56	53.360	0.000489000	0.000000000	0.742864524	0.000226884	20.4	37.0	99
2024-07-24-23:19:20	54.370	0.000499000	0.000000000	0.755476105	0.000446831	20.4	37.0	100
2024-07-24-23:19:44	55.260	0.000506859	0.000003229	0.767751952	0.003163955	20.4	37.0	99
2024-07-24-23:20:08	56.310	0.000517465	0.000000501	0.782306149	0.000567171	20.4	37.0	99
2024-07-24-23:20:32	57.240	0.000527414	0.000000606	0.797564464	0.000452811	20.4	37.0	99
2024-07-24-23:20:55	58.170	0.000536939	0.000000241	0.812183147	0.000334233	20.4	37.0	98
2024-07-24-23:21:19	59.160	0.000546000	0.000000000	0.825082366	0.000330418	20.4	37.0	99
2024-07-24-23:21:43	60.150	0.000555000	0.000000000	0.838535965	0.000076467	20.4	37.0	99
2024-07-24-23:22:07	61.010	0.000564949	0.000000503	0.852632133	0.000604750	20.4	37.0	99
2024-07-24-23:22:31	62.090	0.000574810	0.000000394	0.867140386	0.000129676	20.4	37.0	100
2024-07-24-23:22:55	62.990	0.000582474	0.000004442	0.878943929	0.006419985	20.4	37.0	97
2024-07-24-23:23:19	63.960	0.000591830	0.000000378	0.886849204	0.015877542	20.4	37.0	100
2024-07-24-23:23:43	64.920	0.000600000	0.000000000	0.900863301	0.000186341	20.4	37.0	100
2024-07-24-23:24:06	65.920	0.000610000	0.000000000	0.913947110	0.000117374	20.4	37.0	99
2024-07-24-23:24:30	66.900	0.000619737	0.000001174	0.927412515	0.005990953	20.4	37.0	99
2024-07-24-23:24:54	67.860	0.000630000	0.000000000	0.943257589	0.000248150	20.4	37.0	99
2024-07-24-23:25:18	68.810	0.000640000	0.000000000	0.956777462	0.000154118	20.4	37.0	98
2024-07-24-23:25:42	0.000	-0.000032000	0.000000000	0.000001823	0.000000208	20.4	37.0	99
