12/19/202	6:57:15 	0.000	0.0000000	0.0000000	-0.000000	0.0000002	20.5	27.0	100
12/19/202	6:57:37 A	1.422	0.0000000	0.0000000	0.0000134	0.0000002	20.5	27.0	100
12/19/202	6:57:59 A	1.428	0.0000000	0.0000000	0.0001211	0.0000002	20.5	27.0	100
12/19/202	6:58:21 A	1.491	0.0000010	0.0000000	0.0011294	0.0000003	20.5	27.0	100
12/19/202	6:58:42 A	1.504	0.0000010	0.0000000	0.0013154	0.0000003	20.5	27.0	100
12/19/202	6:59:04 A	1.521	0.0000010	0.0000000	0.0015906	0.0000003	20.5	27.0	100
12/19/202	6:59:26 A	1.550	0.0000020	0.0000000	0.0020628	0.0000034	20.5	27.0	100
12/19/202	6:59:48 A	1.680	0.0000030	0.0000000	0.0038042	0.0000619	20.5	27.0	100
12/19/202	7:00:10 A	1.792	0.0000049	0.0000001	0.0056396	0.0000739	20.4	27.0	99
12/19/202	7:00:32 A	1.905	0.0000060	0.0000000	0.0074552	0.0000905	20.4	27.0	100
12/19/202	7:00:54 A	2.026	0.0000080	0.0000000	0.0093503	0.0001112	20.4	27.0	100
12/19/202	7:01:16 A	2.139	0.0000090	0.0000000	0.0112084	0.0001159	20.4	27.0	97
12/19/202	7:01:37 A	2.257	0.0000110	0.0000000	0.0131173	0.0000743	20.4	27.0	97
12/19/202	7:01:59 A	2.369	0.0000120	0.0000000	0.0149214	0.0001436	20.4	27.0	99
12/19/202	7:02:21 A	2.486	0.0000140	0.0000000	0.0168190	0.0001216	20.4	27.0	95
12/19/202	7:02:43 A	2.602	0.0000150	0.0000001	0.0187994	0.0001668	20.4	27.0	100
12/19/202	7:03:05 A	2.715	0.0000170	0.0000000	0.0206180	0.0000960	20.4	27.0	100
12/19/202	7:03:27 A	2.838	0.0000180	0.0000001	0.0225970	0.0001028	20.4	27.0	100
12/19/202	7:03:49 A	2.951	0.0000200	0.0000000	0.0244420	0.0001557	20.4	27.0	100
12/19/202	7:04:11 A	3.075	0.0000217	0.0000004	0.0264532	0.0000977	20.4	27.0	100
12/19/202	7:04:33 A	3.192	0.0000230	0.0000000	0.0284625	0.0001028	20.4	27.0	100
12/19/202	7:04:54 A	3.302	0.0000248	0.0000003	0.0302943	0.0001927	20.4	27.0	99
12/19/202	7:05:16 A	3.422	0.0000260	0.0000000	0.0322106	0.0001543	20.4	27.0	100
12/19/202	7:05:38 A	3.532	0.0000279	0.0000001	0.0340609	0.0001147	20.4	27.0	100
12/19/202	7:06:00 A	3.646	0.0000290	0.0000000	0.0358244	0.0001012	20.4	27.0	97
12/19/202	7:06:22 A	3.760	0.0000310	0.0000000	0.0376868	0.0000875	20.4	27.0	96
12/19/202	7:06:44 A	3.878	0.0000320	0.0000000	0.0396810	0.0000850	20.4	27.0	100
12/19/202	7:07:06 A	4.001	0.0000340	0.0000000	0.0416385	0.0001030	20.4	27.0	100
12/19/202	7:07:28 A	4.151	0.0000356	0.0000004	0.0436756	0.0000992	20.4	27.0	100
12/19/202	7:07:49 A	4.261	0.0000370	0.0000000	0.0455900	0.0000963	20.4	27.0	100
12/19/202	7:08:11 A	4.372	0.0000390	0.0000000	0.0475566	0.0001343	20.4	27.0	100
12/19/202	7:08:33 A	4.481	0.0000400	0.0000000	0.0492861	0.0001049	20.4	27.0	99
12/19/202	7:08:55 A	4.609	0.0000420	0.0000000	0.0512430	0.0001022	20.4	27.0	99
12/19/202	7:09:17 A	4.718	0.0000430	0.0000000	0.0531117	0.0001282	20.4	27.0	100
12/19/202	7:09:39 A	4.834	0.0000450	0.0000000	0.0550734	0.0001621	20.4	27.0	100
12/19/202	7:10:01 A	4.947	0.0000461	0.0000003	0.0570583	0.0000460	20.4	27.0	99
12/19/202	7:10:23 A	5.069	0.0000480	0.0000000	0.0589849	0.0000854	20.4	27.0	96
12/19/202	7:10:44 A	5.182	0.0000498	0.0000003	0.0608805	0.0001330	20.4	27.0	95
12/19/202	7:11:06 A	5.298	0.0000511	0.0000003	0.0628001	0.0002878	20.4	27.0	100
12/19/202	7:11:28 A	5.406	0.0000525	0.0000004	0.0644281	0.0001640	20.4	27.0	100
12/19/202	7:11:50 A	5.522	0.0000540	0.0000000	0.0661742	0.0001230	20.4	27.0	100
12/19/202	7:12:12 A	5.634	0.0000554	0.0000004	0.0679929	0.0001363	20.4	27.0	100
12/19/202	7:12:34 A	5.747	0.0000569	0.0000002	0.0697689	0.0001037	20.4	27.0	100
12/19/202	7:12:56 A	5.857	0.0000582	0.0000004	0.0715399	0.0000790	20.4	27.0	100
12/19/202	7:13:18 A	5.977	0.0000600	0.0000000	0.0733202	0.0001558	20.4	27.0	100
12/19/202	7:13:40 A	6.091	0.0000613	0.0000004	0.0752097	0.0001713	20.4	27.0	100
12/19/202	7:14:01 A	6.208	0.0000630	0.0000000	0.0771723	0.0001254	20.4	27.0	98
12/19/202	7:14:23 A	6.326	0.0000649	0.0000002	0.0790802	0.0001017	20.4	27.0	100
12/19/202	7:14:45 A	6.439	0.0000660	0.0000000	0.0809057	0.0001591	20.4	27.0	97
12/19/202	7:15:07 A	6.583	0.0000678	0.0000003	0.0827681	0.0002052	20.4	27.0	98
12/19/202	7:15:29 A	6.690	0.0000690	0.0000000	0.0846734	0.0001366	20.4	27.0	100
12/19/202	7:15:51 A	6.814	0.0000710	0.0000000	0.0866678	0.0001658	20.4	27.0	99
12/19/202	7:16:13 A	6.939	0.0000726	0.0000004	0.0886724	0.0003004	20.4	27.0	100
12/19/202	7:16:35 A	7.037	0.0000740	0.0000000	0.0904758	0.0001378	20.4	27.0	100
12/19/202	7:16:56 A	7.159	0.0000751	0.0000003	0.0922821	0.0001698	20.4	27.0	100
12/19/202	7:17:18 A	7.272	0.0000770	0.0000000	0.0940947	0.0001962	20.4	27.0	99
12/19/202	7:17:40 A	7.388	0.0000780	0.0000002	0.0958930	0.0001881	20.4	27.0	100
12/19/202	7:18:02 A	7.504	0.0000800	0.0000000	0.0979342	0.0001733	20.4	27.0	100
12/19/202	7:18:24 A	7.619	0.0000810	0.0000001	0.0999029	0.0001693	20.4	27.0	97
12/19/202	7:18:46 A	7.724	0.0000830	0.0000000	0.1017448	0.0001438	20.4	27.0	97
12/19/202	7:19:08 A	7.851	0.0000849	0.0000001	0.1038135	0.0001584	20.4	27.0	100
12/19/202	7:19:30 A	7.964	0.0000862	0.0000004	0.1058050	0.0001943	20.4	27.0	99
12/19/202	7:19:52 A	8.081	0.0000880	0.0000000	0.1077279	0.0001383	20.4	27.0	100
12/19/202	7:20:13 A	8.201	0.0000891	0.0000003	0.1096105	0.0001163	20.4	27.0	100
12/19/202	7:20:35 A	8.313	0.0000910	0.0000000	0.1113805	0.0001108	20.4	27.0	100
12/19/202	7:20:57 A	8.439	0.0000923	0.0000004	0.1133491	0.0002204	20.4	27.0	100
12/19/202	7:21:19 A	8.548	0.0000940	0.0000000	0.1151569	0.0001118	20.4	27.0	99
12/19/202	7:21:41 A	8.669	0.0000959	0.0000001	0.1171421	0.0001577	20.4	27.0	100
12/19/202	7:22:03 A	8.800	0.0000972	0.0000004	0.1191614	0.0002822	20.4	26.0	100
12/19/202	7:22:25 A	8.905	0.0000990	0.0000000	0.1208616	0.0002117	20.4	26.0	98
12/19/202	7:22:47 A	9.041	0.0001003	0.0000004	0.1228892	0.0002292	20.4	26.0	98
12/19/202	7:23:08 A	9.187	0.0001020	0.0000000	0.1245272	0.0002317	20.4	26.0	97
12/19/202	7:23:30 A	9.276	0.0001035	0.0000005	0.1266362	0.0001193	20.4	26.0	99
12/19/202	7:23:52 A	9.403	0.0001050	0.0000000	0.1284409	0.0001758	20.4	26.0	100
12/19/202	7:24:14 A	9.510	0.0001064	0.0000005	0.1302240	0.0001186	20.4	26.0	99
12/19/202	7:24:36 A	9.646	0.0001080	0.0000000	0.1322577	0.0001261	20.4	26.0	99
12/19/202	7:24:58 A	9.755	0.0001100	0.0000001	0.1342727	0.0002466	20.4	26.0	100
12/19/202	7:25:20 A	9.852	0.0001110	0.0000001	0.1360501	0.0001561	20.4	26.0	100
12/19/202	7:25:42 A	9.968	0.0001130	0.0000000	0.1378905	0.0001456	20.4	27.0	99
12/19/202	7:26:03 A	10.080	0.0001140	0.0000000	0.1398036	0.0000436	20.4	27.0	100
12/19/202	7:26:25 A	10.201	0.0001160	0.0000000	0.1417038	0.0001151	20.4	27.0	100
12/19/202	7:26:47 A	10.316	0.0001175	0.0000005	0.1435903	0.0000467	20.4	27.0	100
12/19/202	7:27:09 A	10.430	0.0001190	0.0000000	0.1454936	0.0001638	20.4	27.0	98
12/19/202	7:27:31 A	10.550	0.0001208	0.0000003	0.1473338	0.0000794	20.4	26.0	97
12/19/202	7:27:53 A	10.662	0.0001220	0.0000000	0.1490943	0.0000557	20.4	26.0	98
12/19/202	7:28:15 A	10.774	0.0001239	0.0000001	0.1509279	0.0000986	20.4	26.0	100
12/19/202	7:28:37 A	10.890	0.0001250	0.0000000	0.1528909	0.0000900	20.4	26.0	100
12/19/202	7:28:59 A	11.005	0.0001270	0.0000000	0.1547475	0.0001053	20.4	26.0	100
12/19/202	7:29:20 A	11.116	0.0001280	0.0000001	0.1566061	0.0000743	20.4	27.0	100
12/19/202	7:29:42 A	11.235	0.0001300	0.0000000	0.1587197	0.0001248	20.4	27.0	100
12/19/202	7:30:04 A	11.352	0.0001309	0.0000001	0.1604383	0.0001202	20.4	27.0	100
12/19/202	7:30:26 A	11.457	0.0001330	0.0000000	0.1624095	0.0001334	20.4	27.0	99
12/19/202	7:30:48 A	11.613	0.0001340	0.0000002	0.1642708	0.0001201	20.4	27.0	100
12/19/202	7:31:10 A	11.721	0.0001360	0.0000001	0.1663878	0.0001038	20.4	26.0	100
12/19/202	7:31:32 A	11.847	0.0001378	0.0000003	0.1684627	0.0001353	20.4	26.0	99
12/19/202	7:31:54 A	11.954	0.0001390	0.0000002	0.1702819	0.0002004	20.4	26.0	100
12/19/202	7:32:15 A	12.064	0.0001410	0.0000000	0.1723771	0.0003524	20.4	26.0	97
12/19/202	7:32:37 A	12.177	0.0001420	0.0000000	0.1737542	0.0000479	20.4	26.0	99
12/19/202	7:32:59 A	12.290	0.0001440	0.0000000	0.1757088	0.0001337	20.4	26.0	100
12/19/202	7:33:21 A	12.402	0.0001450	0.0000000	0.1777545	0.0000677	20.4	26.0	100
12/19/202	7:33:43 A	12.521	0.0001470	0.0000000	0.1797003	0.0000950	20.4	26.0	100
12/19/202	7:34:05 A	12.641	0.0001484	0.0000004	0.1814599	0.0000897	20.4	26.0	100
12/19/202	7:34:27 A	12.755	0.0001500	0.0000001	0.1834493	0.0002088	20.4	26.0	100
12/19/202	7:34:49 A	12.872	0.0001512	0.0000004	0.1853432	0.0000709	20.4	26.0	99
12/19/202	7:35:10 A	12.985	0.0001530	0.0000000	0.1872554	0.0000315	20.4	26.0	98
12/19/202	7:35:32 A	13.100	0.0001541	0.0000003	0.1890729	0.0000286	20.4	26.0	98
12/19/202	7:35:54 A	13.223	0.0001560	0.0000000	0.1909531	0.0000982	20.4	26.0	100
12/19/202	7:36:16 A	13.335	0.0001574	0.0000004	0.1927856	0.0001066	20.4	26.0	100
12/19/202	7:36:38 A	13.448	0.0001590	0.0000001	0.1947433	0.0000859	20.4	26.0	97
12/19/202	7:37:00 A	13.559	0.0001609	0.0000001	0.1966997	0.0000873	20.4	26.0	100
12/19/202	7:37:22 A	13.680	0.0001620	0.0000000	0.1985712	0.0000599	20.4	26.0	100
12/19/202	7:37:44 A	13.788	0.0001634	0.0000004	0.2004900	0.0001714	20.4	26.0	100
12/19/202	7:38:06 A	13.903	0.0001650	0.0000000	0.2024882	0.0000548	20.4	26.0	100
12/19/202	7:38:27 A	14.046	0.0001669	0.0000002	0.2040985	0.0000479	20.4	26.0	100
12/19/202	7:38:49 A	14.168	0.0001680	0.0000000	0.2059211	0.0001614	20.4	26.0	99
12/19/202	7:39:11 A	14.276	0.0001690	0.0000002	0.2076367	0.0001116	20.4	26.0	99
12/19/202	7:39:33 A	14.391	0.0001710	0.0000000	0.2091798	0.0000747	20.4	26.0	100
12/19/202	7:39:55 A	14.502	0.0001720	0.0000000	0.2109497	0.0000742	20.4	26.0	100
12/19/202	7:40:17 A	14.617	0.0001740	0.0000000	0.2125667	0.0000646	20.4	27.0	100
12/19/202	7:40:39 A	14.726	0.0001750	0.0000000	0.2141480	0.0001778	20.4	27.0	100
12/19/202	7:41:01 A	14.854	0.0001760	0.0000001	0.2158925	0.0001926	20.4	27.0	100
12/19/202	7:41:23 A	14.964	0.0001779	0.0000002	0.2176878	0.0004145	20.4	26.0	99
12/19/202	7:41:45 A	15.066	0.0001790	0.0000000	0.2189288	0.0004157	20.4	26.0	100
12/19/202	7:42:06 A	15.186	0.0001805	0.0000004	0.2207719	0.0002234	20.4	26.0	100
12/19/202	7:42:28 A	15.284	0.0001819	0.0000001	0.2223806	0.0003678	20.4	26.0	100
12/19/202	7:42:50 A	15.394	0.0001831	0.0000003	0.2243631	0.0001162	20.4	26.0	100
12/19/202	7:43:12 A	15.506	0.0001850	0.0000000	0.2261519	0.0001117	20.3	26.0	98
12/19/202	7:43:34 A	15.612	0.0001860	0.0000000	0.2279461	0.0000778	20.3	26.0	99
12/19/202	7:43:56 A	15.732	0.0001880	0.0000002	0.2296747	0.0003427	20.3	26.0	100
12/19/202	7:44:18 A	15.844	0.0001890	0.0000001	0.2313610	0.0000931	20.3	26.0	99
12/19/202	7:44:40 A	15.954	0.0001910	0.0000000	0.2331376	0.0000689	20.4	26.0	97
12/19/202	7:45:02 A	16.070	0.0001921	0.0000003	0.2352594	0.0000806	20.4	26.0	100
12/19/202	7:45:23 A	16.202	0.0001940	0.0000001	0.2372329	0.0001213	20.4	26.0	99
12/19/202	7:45:45 A	16.300	0.0001959	0.0000001	0.2389577	0.0001118	20.4	26.0	100
12/19/202	7:46:07 A	16.419	0.0001970	0.0000000	0.2405016	0.0001133	20.4	26.0	100
12/19/202	7:46:29 A	16.562	0.0001980	0.0000000	0.2421259	0.0001013	20.4	26.0	100
12/19/202	7:46:51 A	16.662	0.0002000	0.0000000	0.2439888	0.0000760	20.4	26.0	99
12/19/202	7:47:13 A	16.787	0.0002010	0.0000001	0.2458463	0.0000719	20.4	26.0	99
12/19/202	7:47:35 A	16.898	0.0002030	0.0000000	0.2478693	0.0001396	20.4	26.0	100
12/19/202	7:47:57 A	17.008	0.0002046	0.0000005	0.2498568	0.0003353	20.4	26.0	98
12/19/202	7:48:18 A	17.132	0.0002060	0.0000001	0.2515599	0.0002098	20.3	26.0	97
12/19/202	7:48:40 A	17.244	0.0002080	0.0000000	0.2533936	0.0001074	20.3	26.0	100
12/19/202	7:49:02 A	17.353	0.0002094	0.0000008	0.2559084	0.0009202	20.3	26.0	97
12/19/202	7:49:24 A	17.484	0.0002110	0.0000000	0.2571764	0.0002198	20.3	26.0	97
12/19/202	7:49:46 A	17.590	0.0002120	0.0000000	0.2589580	0.0000848	20.3	26.0	100
12/19/202	7:50:08 A	17.698	0.0002139	0.0000001	0.2610642	0.0004235	20.4	26.0	100
12/19/202	7:50:30 A	17.837	0.0002151	0.0000003	0.2628168	0.0001929	20.4	26.0	100
12/19/202	7:50:52 A	18.011	0.0002174	0.0000006	0.2655084	0.0009712	20.4	26.0	99
12/19/202	7:51:13 A	18.054	0.0002189	0.0000005	0.2672098	0.0010946	20.4	26.0	100
12/19/202	7:51:35 A	18.167	0.0002200	0.0000004	0.2686653	0.0007221	20.4	26.0	99
12/19/202	7:51:57 A	18.286	0.0002220	0.0000000	0.2705851	0.0001782	20.3	26.0	99
12/19/202	7:52:19 A	18.384	0.0002231	0.0000003	0.2725897	0.0001600	20.3	26.0	100
12/19/202	7:52:41 A	18.499	0.0002250	0.0000001	0.2741611	0.0000928	20.3	26.0	97
12/19/202	7:53:03 A	18.614	0.0002260	0.0000000	0.2759740	0.0000608	20.3	26.0	98
12/19/202	7:53:25 A	18.728	0.0002280	0.0000000	0.2780983	0.0003590	20.3	26.0	98
12/19/202	7:53:47 A	18.844	0.0002292	0.0000004	0.2797526	0.0000389	20.4	26.0	100
12/19/202	7:54:09 A	18.983	0.0002310	0.0000002	0.2820860	0.0004888	20.4	26.0	100
12/19/202	7:54:30 A	19.126	0.0002330	0.0000000	0.2842446	0.0001384	20.4	26.0	100
12/19/202	7:54:52 A	19.247	0.0002352	0.0000005	0.2868134	0.0010507	20.4	26.0	100
12/19/202	7:55:14 A	19.364	0.0002363	0.0000004	0.2884123	0.0002772	20.4	26.0	100
12/19/202	7:55:36 A	19.479	0.0002384	0.0000006	0.2910136	0.0009866	20.4	26.0	100
12/19/202	7:55:58 A	19.606	0.0002398	0.0000005	0.2925435	0.0005845	20.4	26.0	100
12/19/202	7:56:20 A	19.722	0.0002412	0.0000004	0.2945957	0.0005084	20.4	26.0	99
12/19/202	7:56:42 A	19.860	0.0002432	0.0000005	0.2968569	0.0009543	20.4	26.0	100
12/19/202	7:57:04 A	19.958	0.0002442	0.0000004	0.2986382	0.0006620	20.4	26.0	98
12/19/202	7:57:26 A	20.060	0.0002460	0.0000002	0.3005370	0.0006683	20.4	27.0	96
12/19/202	7:57:47 A	20.234	0.0002485	0.0000009	0.3038398	0.0013254	20.4	27.0	97
12/19/202	7:58:09 A	20.317	0.0002496	0.0000007	0.3053833	0.0014907	20.4	27.0	100
12/19/202	7:58:31 A	20.422	0.0002511	0.0000004	0.3066187	0.0006744	20.4	27.0	100
12/19/202	7:58:53 A	20.612	0.0002529	0.0000011	0.3089908	0.0015953	20.4	27.0	100
12/19/202	7:59:15 A	20.611	0.0002540	0.0000002	0.3105057	0.0005147	20.3	26.0	100
12/19/202	7:59:37 A	20.735	0.0002564	0.0000009	0.3128404	0.0011602	20.3	26.0	100
12/19/202	7:59:59 A	20.847	0.0002574	0.0000010	0.3142891	0.0008349	20.3	26.0	99
12/19/202	8:00:21 A	20.965	0.0002591	0.0000005	0.3162145	0.0006211	20.3	26.0	100
12/19/202	8:00:42 A	21.055	0.0002600	0.0000001	0.3177468	0.0001135	20.3	26.0	99
12/19/202	8:01:04 A	21.195	0.0002618	0.0000003	0.3194985	0.0001982	20.3	27.0	98
12/19/202	8:01:26 A	21.298	0.0002630	0.0000000	0.3215303	0.0000623	20.3	27.0	100
12/19/202	8:01:48 A	21.442	0.0002650	0.0000003	0.3240389	0.0010989	20.3	27.0	100
12/19/202	8:02:10 A	21.547	0.0002663	0.0000004	0.3255819	0.0003107	20.3	27.0	96
12/19/202	8:02:32 A	21.654	0.0002679	0.0000002	0.3272508	0.0002555	20.3	27.0	100
12/19/202	8:02:54 A	21.764	0.0002686	0.0000010	0.3282902	0.0015485	20.4	26.0	100
12/19/202	8:03:16 A	21.885	0.0002709	0.0000004	0.3308737	0.0004898	20.4	26.0	100
12/19/202	8:03:38 A	22.005	0.0002720	0.0000000	0.3324764	0.0001161	20.4	26.0	100
12/19/202	8:03:59 A	22.121	0.0002740	0.0000000	0.3343262	0.0001115	20.4	26.0	100
12/19/202	8:04:21 A	22.232	0.0002750	0.0000000	0.3358973	0.0000816	20.4	26.0	100
12/19/202	8:04:43 A	22.328	0.0002766	0.0000005	0.3376022	0.0002463	20.3	26.0	98
12/19/202	8:05:05 A	22.444	0.0002777	0.0000005	0.3391052	0.0005029	20.3	26.0	98
12/19/202	8:05:27 A	22.548	0.0002789	0.0000001	0.3406968	0.0000679	20.3	26.0	100
12/19/202	8:05:49 A	22.657	0.0002810	0.0000000	0.3424368	0.0000916	20.3	26.0	98
12/19/202	8:06:11 A	22.772	0.0002820	0.0000000	0.3441350	0.0000792	20.3	26.0	100
12/19/202	8:06:33 A	22.892	0.0002834	0.0000011	0.3456707	0.0007990	20.4	26.0	100
12/19/202	8:06:54 A	23.001	0.0002850	0.0000000	0.3478385	0.0000610	20.4	26.0	100
12/19/202	8:07:16 A	23.104	0.0002860	0.0000000	0.3491851	0.0000769	20.4	26.0	99
12/19/202	8:07:38 A	23.220	0.0002877	0.0000006	0.3506504	0.0006545	20.4	26.0	100
12/19/202	8:08:00 A	23.325	0.0002889	0.0000001	0.3521305	0.0001622	20.4	26.0	99
12/19/202	8:08:22 A	23.428	0.0002899	0.0000001	0.3537304	0.0001055	20.4	26.0	100
12/19/202	8:08:44 A	23.522	0.0002909	0.0000001	0.3549189	0.0002964	20.4	26.0	100
12/19/202	8:09:06 A	23.635	0.0002923	0.0000004	0.3561882	0.0001646	20.4	26.0	98
12/19/202	8:09:28 A	23.745	0.0002938	0.0000003	0.3576354	0.0002257	20.4	26.0	99
12/19/202	8:09:50 A	23.853	0.0002950	0.0000000	0.3593221	0.0001392	20.4	26.0	99
12/19/202	8:10:11 A	23.988	0.0002960	0.0000000	0.3605494	0.0000950	20.3	26.0	97
12/19/202	8:10:33 A	24.099	0.0002973	0.0000004	0.3619809	0.0001189	20.3	26.0	97
12/19/202	8:10:55 A	24.207	0.0002979	0.0000009	0.3625537	0.0009446	20.3	26.0	100
12/19/202	8:11:17 A	24.322	0.0002998	0.0000005	0.3643752	0.0005395	20.3	26.0	100
12/19/202	8:11:39 A	24.430	0.0003009	0.0000001	0.3660280	0.0001759	20.3	26.0	100
12/19/202	8:12:01 A	24.546	0.0003018	0.0000003	0.3674562	0.0003694	20.3	26.0	99
12/19/202	8:12:23 A	24.640	0.0003030	0.0000016	0.3688804	0.0017055	20.3	26.0	99
12/19/202	8:12:45 A	24.765	0.0003054	0.0000005	0.3712375	0.0007149	20.3	26.0	100
12/19/202	8:13:07 A	24.873	0.0003049	0.0000028	0.3710888	0.0033965	20.3	26.0	99
12/19/202	8:13:28 A	24.973	0.0003080	0.0000013	0.3746026	0.0014012	20.3	26.0	99
12/19/202	8:13:50 A	25.092	0.0003089	0.0000008	0.3757610	0.0007456	20.3	26.0	99
12/19/202	8:14:12 A	25.210	0.0003109	0.0000001	0.3781815	0.0001968	20.3	26.0	100
12/19/202	8:14:34 A	25.323	0.0003128	0.0000004	0.3801348	0.0008166	20.3	26.0	97
12/19/202	8:14:56 A	25.449	0.0003139	0.0000001	0.3825774	0.0001742	20.3	26.0	97
12/19/202	8:15:18 A	25.571	0.0003158	0.0000003	0.3844282	0.0002928	20.3	26.0	100
12/19/202	8:15:40 A	25.691	0.0003180	0.0000000	0.3865497	0.0000586	20.4	26.0	100
12/19/202	8:16:02 A	25.811	0.0003190	0.0000002	0.3885174	0.0001085	20.4	26.0	100
12/19/202	8:16:23 A	25.921	0.0003208	0.0000004	0.3903104	0.0003022	20.4	26.0	100
12/19/202	8:16:45 A	26.032	0.0003227	0.0000004	0.3924546	0.0000455	20.4	26.0	100
12/19/202	8:17:07 A	26.157	0.0003240	0.0000001	0.3943637	0.0000770	20.4	26.0	100
12/19/202	8:17:29 A	26.269	0.0003260	0.0000000	0.3968643	0.0000782	20.3	26.0	98
12/19/202	8:17:51 A	26.418	0.0003279	0.0000001	0.3988142	0.0000508	20.3	26.0	100
12/19/202	8:18:13 A	26.533	0.0003290	0.0000000	0.4007818	0.0000618	20.3	26.0	100
12/19/202	8:18:35 A	26.656	0.0003309	0.0000002	0.4028486	0.0000554	20.3	26.0	98
12/19/202	8:18:57 A	26.774	0.0003325	0.0000005	0.4046380	0.0001129	20.3	26.0	100
12/19/202	8:19:18 A	26.891	0.0003340	0.0000001	0.4067936	0.0001236	20.4	26.0	98
12/19/202	8:19:40 A	27.007	0.0003360	0.0000000	0.4087000	0.0000658	20.4	26.0	100
12/19/202	8:20:02 A	27.117	0.0003380	0.0000000	0.4108843	0.0000509	20.4	26.0	100
12/19/202	8:20:24 A	27.238	0.0003390	0.0000000	0.4127996	0.0000441	20.4	26.0	100
12/19/202	8:20:46 A	27.356	0.0003410	0.0000000	0.4145365	0.0000622	20.4	26.0	100
12/19/202	8:21:08 A	27.470	0.0003419	0.0000001	0.4163416	0.0000698	20.4	26.0	100
12/19/202	8:21:30 A	27.586	0.0003440	0.0000000	0.4181820	0.0000425	20.4	26.0	100
12/19/202	8:21:52 A	27.708	0.0003452	0.0000004	0.4201100	0.0002206	20.4	26.0	98
12/19/202	8:22:14 A	27.824	0.0003469	0.0000001	0.4220625	0.0016641	20.4	26.0	98
12/19/202	8:22:35 A	27.950	0.0003489	0.0000001	0.4250745	0.0001476	20.4	26.0	100
12/19/202	8:22:57 A	28.053	0.0003500	0.0000000	0.4269777	0.0000659	20.4	26.0	100
12/19/202	8:23:19 A	28.168	0.0003520	0.0000000	0.4288170	0.0000687	20.4	26.0	99
12/19/202	8:23:41 A	28.286	0.0003540	0.0000000	0.4310834	0.0001004	20.4	26.0	97
12/19/202	8:24:03 A	28.399	0.0003550	0.0000000	0.4328122	0.0001379	20.4	26.0	100
12/19/202	8:24:25 A	28.513	0.0003568	0.0000003	0.4343701	0.0000789	20.4	26.0	100
12/19/202	8:24:47 A	28.622	0.0003580	0.0000000	0.4356395	0.0000560	20.4	26.0	100
12/19/202	8:25:09 A	28.732	0.0003590	0.0000000	0.4371808	0.0000684	20.4	26.0	100
12/19/202	8:25:30 A	28.838	0.0003610	0.0000000	0.4386337	0.0000860	20.4	26.0	99
12/19/202	8:25:52 A	28.973	0.0003620	0.0000000	0.4396750	0.0001158	20.4	26.0	99
12/19/202	8:26:14 A	29.077	0.0003629	0.0000001	0.4413006	0.0004251	20.4	26.0	99
12/19/202	8:26:36 A	29.186	0.0003647	0.0000004	0.4429516	0.0003067	20.3	26.0	98
12/19/202	8:26:58 A	29.294	0.0003655	0.0000015	0.4440222	0.0015584	20.3	26.0	100
12/19/202	8:27:20 A	29.406	0.0003670	0.0000000	0.4455405	0.0000640	20.3	26.0	96
12/19/202	8:27:42 A	29.522	0.0003680	0.0000004	0.4468002	0.0003234	20.3	26.0	97
12/19/202	8:28:04 A	29.627	0.0003691	0.0000006	0.4479294	0.0004588	20.3	26.0	98
12/19/202	8:28:26 A	29.743	0.0003668	0.0000054	0.4439758	0.0064348	20.3	26.0	100
12/19/202	8:28:47 A	29.786	0.0003704	0.0000018	0.4474975	0.0049182	20.3	26.0	99
12/19/202	8:29:09 A	29.942	0.0003701	0.0000035	0.4490639	0.0042859	20.3	26.0	100
12/19/202	8:29:31 A	30.081	0.0003739	0.0000019	0.4528231	0.0023458	20.3	26.0	100
12/19/202	8:29:53 A	30.133	0.0003754	0.0000008	0.4542714	0.0023071	20.3	26.0	99
12/19/202	8:30:15 A	30.295	0.0003761	0.0000013	0.4551515	0.0019120	20.3	26.0	99
12/19/202	8:30:37 A	30.419	0.0003779	0.0000002	0.4558843	0.0052228	20.3	26.0	99
12/19/202	8:30:59 A	30.417	0.0003778	0.0000031	0.4574133	0.0056996	20.3	26.0	100
12/19/202	8:31:21 A	30.634	0.0003808	0.0000003	0.4612704	0.0001706	20.3	26.0	97
12/19/202	8:31:42 A	30.731	0.0003802	0.0000031	0.4569451	0.0071983	20.3	26.0	98
12/19/202	8:32:04 A	30.852	0.0003830	0.0000003	0.4643249	0.0003479	20.3	26.0	100
12/19/202	8:32:26 A	30.967	0.0003849	0.0000001	0.4662273	0.0001880	20.3	26.0	100
12/19/202	8:32:48 A	31.067	0.0003858	0.0000010	0.4676475	0.0014446	20.3	26.0	100
12/19/202	8:33:10 A	31.169	0.0003868	0.0000016	0.4687937	0.0015560	20.3	26.0	100
12/19/202	8:33:32 A	31.285	0.0003887	0.0000006	0.4709836	0.0009460	20.3	26.0	100
12/19/202	8:33:54 A	31.422	0.0003899	0.0000002	0.4726692	0.0004374	20.4	26.0	98
12/19/202	8:34:16 A	31.522	0.0003902	0.0000011	0.4734086	0.0011246	20.4	26.0	100
12/19/202	8:34:37 A	31.646	0.0003916	0.0000015	0.4753382	0.0015081	20.4	26.0	99
12/19/202	8:34:59 A	31.752	0.0003931	0.0000015	0.4766138	0.0012112	20.4	26.0	99
12/19/202	8:35:21 A	31.876	0.0003959	0.0000007	0.4798797	0.0004829	20.4	26.0	99
12/19/202	8:35:43 A	31.987	0.0003973	0.0000004	0.4819079	0.0002137	20.4	26.0	97
12/19/202	8:36:05 A	32.108	0.0003990	0.0000001	0.4838033	0.0001506	20.4	26.0	97
12/19/202	8:36:27 A	32.153	0.0004007	0.0000009	0.4854619	0.0024340	20.4	26.0	96
12/19/202	8:36:49 A	32.320	0.0004028	0.0000005	0.4881347	0.0008019	20.4	26.0	100
12/19/202	8:37:11 A	32.447	0.0004028	0.0000026	0.4888375	0.0029947	20.4	26.0	100
12/19/202	8:37:33 A	32.574	0.0004060	0.0000010	0.4923110	0.0010920	20.3	26.0	100
12/19/202	8:37:54 A	32.676	0.0004083	0.0000011	0.4945765	0.0007867	20.3	26.0	100
12/19/202	8:38:16 A	32.813	0.0004100	0.0000001	0.4967463	0.0002247	20.3	26.0	99
12/19/202	8:38:38 A	32.939	0.0004120	0.0000002	0.4991509	0.0003127	20.3	26.0	99
12/19/202	8:39:00 A	33.064	0.0004138	0.0000004	0.5009466	0.0006893	20.3	26.0	99
12/19/202	8:39:22 A	33.174	0.0004159	0.0000003	0.5036676	0.0002472	20.3	26.0	100
12/19/202	8:39:44 A	33.289	0.0004179	0.0000001	0.5057846	0.0001482	20.3	26.0	98
12/19/202	8:40:06 A	33.404	0.0004199	0.0000002	0.5080270	0.0001045	20.3	26.0	96
12/19/202	8:40:28 A	33.515	0.0004216	0.0000004	0.5103876	0.0000944	20.3	26.0	96
12/19/202	8:40:49 A	33.639	0.0004237	0.0000004	0.5125751	0.0001088	20.3	26.0	99
12/19/202	8:41:11 A	33.761	0.0004253	0.0000005	0.5147879	0.0002594	20.3	26.0	100
12/19/202	8:41:33 A	33.921	0.0004270	0.0000002	0.5173592	0.0001902	20.3	26.0	100
12/19/202	8:41:55 A	34.035	0.0004295	0.0000005	0.5194111	0.0006265	20.3	26.0	100
12/19/202	8:42:17 A	34.156	0.0004320	0.0000000	0.5220384	0.0002067	20.3	26.0	100
12/19/202	8:42:39 A	34.275	0.0004340	0.0000000	0.5245907	0.0001585	20.3	26.0	99
12/19/202	8:43:01 A	34.384	0.0004359	0.0000001	0.5271047	0.0002227	20.3	26.0	100
12/19/202	8:43:23 A	34.341	0.0004372	0.0000016	0.5279620	0.0020247	20.3	26.0	100
12/19/202	8:43:44 A	34.592	0.0004390	0.0000001	0.5305059	0.0003332	20.3	26.0	100
12/19/202	8:44:06 A	34.693	0.0004404	0.0000005	0.5322043	0.0003742	20.3	26.0	97
12/19/202	8:44:28 A	34.798	0.0004418	0.0000006	0.5340685	0.0012329	20.3	26.0	96
12/19/202	8:44:50 A	34.924	0.0004435	0.0000011	0.5354770	0.0018760	20.3	26.0	100
12/19/202	8:45:12 A	35.020	0.0004431	0.0000023	0.5347531	0.0040578	20.3	26.0	100
12/19/202	8:45:34 A	35.018	0.0004453	0.0000022	0.5357680	0.0037695	20.3	26.0	100
12/19/202	8:45:56 A	35.263	0.0004470	0.0000000	0.5400000	0.0002228	20.3	26.0	100
12/19/202	8:46:18 A	35.383	0.0004490	0.0000000	0.5421102	0.0004350	20.3	26.0	100
12/19/202	8:46:40 A	35.449	0.0004509	0.0000003	0.5436847	0.0006743	20.3	26.0	99
12/19/202	8:47:01 A	35.614	0.0004512	0.0000020	0.5440275	0.0027642	20.3	26.0	100
12/19/202	8:47:23 A	35.723	0.0004537	0.0000004	0.5470002	0.0002251	20.3	26.0	99
12/19/202	8:47:45 A	35.834	0.0004542	0.0000004	0.5479605	0.0007647	20.3	26.0	98
12/19/202	8:48:07 A	35.933	0.0004550	0.0000004	0.5486318	0.0007177	20.3	26.0	99
12/19/202	8:48:29 A	36.034	0.0004560	0.0000002	0.5499282	0.0003057	20.3	26.0	100
12/19/202	8:48:51 A	36.130	0.0004568	0.0000005	0.5506346	0.0006515	20.3	26.0	98
12/19/202	8:49:13 A	36.238	0.0004579	0.0000001	0.5519586	0.0002620	20.3	26.0	97
12/19/202	8:49:35 A	36.370	0.0004590	0.0000000	0.5528212	0.0003235	20.3	26.0	99
12/19/202	8:49:56 A	36.486	0.0004599	0.0000001	0.5544075	0.0001627	20.3	26.0	100
12/19/202	8:50:18 A	36.596	0.0004614	0.0000005	0.5560518	0.0002330	20.3	26.0	100
12/19/202	8:50:40 A	36.706	0.0004620	0.0000001	0.5573406	0.0001554	20.3	26.0	100
12/19/202	8:51:02 A	36.798	0.0004639	0.0000001	0.5590787	0.0001199	20.3	26.0	100
12/19/202	8:51:24 A	36.899	0.0004650	0.0000000	0.5608558	0.0002155	20.3	26.0	100
12/19/202	8:51:46 A	36.988	0.0004656	0.0000027	0.5611225	0.0040043	20.3	26.0	100
12/19/202	8:52:08 A	37.097	0.0004680	0.0000000	0.5643134	0.0001406	20.3	26.0	98
12/19/202	8:52:30 A	37.222	0.0004690	0.0000000	0.5655540	0.0001487	20.3	26.0	100
12/19/202	8:52:52 A	37.327	0.0004710	0.0000000	0.5673702	0.0004721	20.3	26.0	99
12/19/202	8:53:13 A	37.433	0.0004728	0.0000004	0.5699276	0.0007413	20.3	26.0	97
12/19/202	8:53:35 A	37.534	0.0004748	0.0000004	0.5728937	0.0005085	20.3	26.0	97
12/19/202	8:53:57 A	37.639	0.0004763	0.0000004	0.5750749	0.0001183	20.3	26.0	100
12/19/202	8:54:19 A	37.740	0.0004789	0.0000002	0.5781178	0.0006847	20.3	26.0	100
12/19/202	8:54:41 A	37.844	0.0004803	0.0000004	0.5801412	0.0003029	20.3	26.0	100
12/19/202	8:55:03 A	37.950	0.0004832	0.0000004	0.5842725	0.0008099	20.3	26.0	100
12/19/202	8:55:25 A	38.057	0.0004850	0.0000000	0.5869911	0.0002588	20.3	26.0	99
12/19/202	8:55:47 A	38.171	0.0004874	0.0000004	0.5898889	0.0006353	20.3	26.0	100
12/19/202	8:56:08 A	38.300	0.0004892	0.0000005	0.5919198	0.0007328	20.3	26.0	100
12/19/202	8:56:30 A	38.413	0.0004910	0.0000000	0.5942915	0.0003027	20.3	26.0	100
12/19/202	8:56:52 A	38.512	0.0004930	0.0000003	0.5968590	0.0004349	20.3	26.0	97
12/19/202	8:57:14 A	38.633	0.0004949	0.0000001	0.5987917	0.0001858	20.3	26.0	100
12/19/202	8:57:36 A	38.745	0.0004963	0.0000004	0.6006407	0.0004721	20.3	26.0	97
12/19/202	8:57:58 A	38.874	0.0004988	0.0000003	0.6036564	0.0001966	20.3	26.0	96
12/19/202	8:58:20 A	38.981	0.0005000	0.0000001	0.6052776	0.0010296	20.3	26.0	100
12/19/202	8:58:42 A	39.107	0.0005019	0.0000002	0.6075369	0.0005522	20.3	26.0	100
12/19/202	8:59:04 A	39.226	0.0005037	0.0000004	0.6100601	0.0001275	20.3	26.0	100
12/19/202	8:59:25 A	39.337	0.0005054	0.0000005	0.6123649	0.0004819	20.3	26.0	100
12/19/202	8:59:47 A	39.475	0.0005072	0.0000004	0.6140420	0.0005652	20.3	26.0	100
12/19/202	9:00:09 A	39.605	0.0005089	0.0000001	0.6161014	0.0005226	20.3	26.0	100
12/19/202	9:00:31 A	39.720	0.0005110	0.0000001	0.6184017	0.0002143	20.3	26.0	98
12/19/202	9:00:53 A	39.829	0.0005118	0.0000003	0.6194509	0.0006205	20.3	26.0	98
12/19/202	9:01:15 A	39.934	0.0005130	0.0000004	0.6208920	0.0005576	20.3	26.0	99
12/19/202	9:01:37 A	40.067	0.0005140	0.0000000	0.6213881	0.0013328	20.3	26.0	96
12/19/202	9:01:59 A	40.179	0.0005155	0.0000014	0.6230161	0.0012645	20.3	26.0	97
12/19/202	9:02:20 A	40.303	0.0005163	0.0000004	0.6242802	0.0005761	20.3	26.0	100
12/19/202	9:02:42 A	40.419	0.0005178	0.0000003	0.6247805	0.0003761	20.3	26.0	100
12/19/202	9:03:04 A	40.546	0.0005190	0.0000000	0.6260662	0.0001528	20.3	26.0	100
12/19/202	9:03:26 A	40.665	0.0005205	0.0000005	0.6278538	0.0002543	20.3	26.0	100
12/19/202	9:03:48 A	40.772	0.0005220	0.0000000	0.6293581	0.0002896	20.3	26.0	100
12/19/202	9:04:10 A	40.893	0.0005232	0.0000004	0.6306182	0.0006939	20.3	26.0	100
12/19/202	9:04:32 A	41.017	0.0005236	0.0000004	0.6311645	0.0004323	20.3	26.0	99
12/19/202	9:04:54 A	41.131	0.0005246	0.0000006	0.6318086	0.0007455	20.3	26.0	100
12/19/202	9:05:16 A	41.279	0.0005260	0.0000000	0.6337989	0.0004637	20.3	26.0	98
12/19/202	9:05:37 A	41.400	0.0005271	0.0000014	0.6350987	0.0004544	20.3	26.0	99
12/19/202	9:05:59 A	41.525	0.0005287	0.0000004	0.6370303	0.0009762	20.3	26.0	100
12/19/202	9:06:21 A	41.652	0.0005289	0.0000002	0.6371518	0.0004095	20.3	26.0	96
12/19/202	9:06:43 A	41.753	0.0005299	0.0000001	0.6389578	0.0001301	20.3	26.0	100
12/19/202	9:07:05 A	41.871	0.0005307	0.0000009	0.6403251	0.0008291	20.3	26.0	100
12/19/202	9:07:27 A	41.962	0.0005328	0.0000008	0.6428868	0.0011384	20.3	26.0	100
12/19/202	9:07:49 A	42.091	0.0005339	0.0000007	0.6432053	0.0008000	20.3	26.0	100
