2024-06-20-21:30:17	0.000	0.000000000	0.000000000	0.000001467	0.000000203	21.1	35.0	4689
2024-06-20-21:30:40	2.210	267661.000000000	15183097.000000000	0.010328600	0.000070998	21.1	37.0	4719
2024-06-20-21:31:04	3.190	616887.000000000	81055769.000000000	0.023916142	0.000077676	21.1	37.0	4695
2024-06-20-21:31:27	4.220	981725.000000000	205411909.000000000	0.038156499	0.000099655	21.1	37.0	4692
2024-06-20-21:31:50	5.200	1354991.000000000	388984423.000000000	0.052060576	0.000097744	21.1	37.0	4720
2024-06-20-21:32:14	6.190	1713658.000000000	624284442.000000000	0.065709477	0.000099164	21.1	37.0	4704
2024-06-20-21:32:37	7.210	2071298.000000000	913805302.000000000	0.080092895	0.000195531	21.0	36.0	4695
2024-06-20-21:33:00	8.220	2434121.000000000	1257689845.000000000	0.094010344	0.000158453	21.0	36.0	4711
2024-06-20-21:33:24	9.240	2794656.000000000	1666335406.000000000	0.107798014	0.000217202	21.0	36.0	4687
2024-06-20-21:33:47	10.230	3138687.000000000	2101859501.000000000	0.120680763	0.000425619	21.0	36.0	4687
2024-06-20-21:34:10	11.260	3495416.000000000	2594605778.000000000	0.134164956	0.000300714	21.0	36.0	4709
2024-06-20-21:34:34	12.280	3857724.000000000	3158334524.000000000	0.147503385	0.000295947	21.0	37.0	4712
2024-06-20-21:34:57	13.270	4174108.000000000	3724512644.000000000	0.160518436	0.000388553	21.0	37.0	4678
2024-06-20-21:35:20	14.240	4530913.000000000	4393164373.000000000	0.175136598	0.000878013	21.0	37.0	4673
2024-06-20-21:35:43	15.200	4939609.000000000	5217143527.000000000	0.189589984	0.000291901	21.0	37.0	4677
2024-06-20-21:36:07	16.200	5438550.000000000	6162200264.000000000	0.202895106	0.000634174	21.0	37.0	4800
2024-06-20-21:36:30	17.230	5632125.000000000	6772219253.000000000	0.215994015	0.000699851	21.0	36.0	4684
2024-06-20-21:36:53	18.250	5976556.000000000	7652034810.000000000	0.232947645	0.001806423	21.0	36.0	4668
2024-06-20-21:37:17	19.310	6284209.000000000	8490957245.000000000	0.242966082	0.001159739	21.0	36.0	4651
2024-06-20-21:37:40	20.260	6741634.000000000	9682561746.000000000	0.257944007	0.002057949	21.0	36.0	4694
2024-06-20-21:38:03	21.200	7091099.000000000	10735345423.000000000	0.268511583	0.000891595	21.0	36.0	4684
2024-06-20-21:38:27	22.230	7538404.000000000	12034891678.000000000	0.285873534	0.000821583	21.0	37.0	4722
2024-06-20-21:38:50	23.170	7937178.000000000	13330729454.000000000	0.298950593	0.001842969	21.0	37.0	4726
2024-06-20-21:39:13	24.160	8392597.000000000	14755081681.000000000	0.315044285	0.003205127	21.0	37.0	4774
2024-06-20-21:39:37	25.290	8560816.000000000	15720301216.000000000	0.327867619	0.000750668	21.0	37.0	4662
2024-06-20-21:40:00	26.200	8908661.000000000	17012765467.000000000	0.341756497	0.002706287	21.0	37.0	4665
2024-06-20-21:40:23	27.260	9306967.000000000	18422106987.000000000	0.349686628	0.004216705	21.1	36.0	4702
2024-06-20-21:40:47	28.230	9759047.000000000	20144130293.000000000	0.365458051	0.001697388	21.1	36.0	4728
2024-06-20-21:41:10	29.200	10068497.000000000	21652333831.000000000	0.378416369	0.003353567	21.1	36.0	4682
2024-06-20-21:41:34	30.180	10497249.000000000	23491080273.000000000	0.395261247	0.000924744	21.1	36.0	4691
2024-06-20-21:41:57	31.140	11061268.000000000	25640775284.000000000	0.410078337	0.001155777	21.0	36.0	4772
2024-06-20-21:42:20	32.180	11207606.000000000	26714675930.000000000	0.423457794	0.001029413	21.0	36.0	4702
2024-06-20-21:42:43	33.200	11660752.000000000	28812103622.000000000	0.436464231	0.004359725	21.0	36.0	4720
2024-06-20-21:43:07	34.190	11865290.000000000	29912119048.000000000	0.442911139	0.007888771	21.0	36.0	4707
2024-06-20-21:43:30	35.230	12217092.000000000	31739153564.000000000	0.455442405	0.005733266	21.0	36.0	4703
2024-06-20-21:43:53	36.120	12587401.000000000	33748081343.000000000	0.474402261	0.000995927	21.1	36.0	4695
2024-06-20-21:44:17	37.240	13173970.000000000	36355209020.000000000	0.489978658	0.004891307	21.1	36.0	4774
2024-06-20-21:44:40	38.200	13424118.000000000	38263395646.000000000	0.505247384	0.001908349	21.1	36.0	4710
2024-06-20-21:45:03	39.170	13697413.000000000	39928709649.000000000	0.517489535	0.003890072	21.1	36.0	4699
2024-06-20-21:45:27	40.090	13995629.000000000	41966371725.000000000	0.528741552	0.005839183	21.1	36.0	4668
2024-06-20-21:45:50	41.210	14447586.000000000	44371263948.000000000	0.540313376	0.006082540	21.1	36.0	4705
2024-06-20-21:46:13	42.280	14706051.000000000	46029621535.000000000	0.553413749	0.004258924	21.1	36.0	4699
2024-06-20-21:46:37	43.220	14980254.000000000	47910949352.000000000	0.565705334	0.002798129	21.1	36.0	4684
2024-06-20-21:47:00	44.190	15676686.000000000	51543984244.000000000	0.580904576	0.000366348	21.1	36.0	4768
2024-06-20-21:47:23	45.110	15901395.000000000	53837038553.000000000	0.599374833	0.003297980	21.1	36.0	4697
2024-06-20-21:47:47	46.260	16285782.000000000	56325794450.000000000	0.613499281	0.004374373	21.1	36.0	4709
2024-06-20-21:48:10	47.270	16620731.000000000	58676454717.000000000	0.630062554	0.000758212	21.1	36.0	4708
2024-06-20-21:48:33	48.250	16899072.000000000	60788530572.000000000	0.639831325	0.002926027	21.1	36.0	4698
2024-06-20-21:48:57	49.310	17305121.000000000	63812314295.000000000	0.657964466	0.001057843	21.1	36.0	4693
2024-06-20-21:49:20	50.300	17602754.000000000	66336331384.000000000	0.670577341	0.000467048	21.1	36.0	4671
2024-06-20-21:49:43	51.310	18044991.000000000	69759289381.000000000	0.694772525	0.008303684	21.1	36.0	4668
2024-06-20-21:50:07	52.310	18437600.000000000	72344163476.000000000	0.697066748	0.000724419	21.1	36.0	4699
2024-06-20-21:50:30	53.320	18770860.000000000	75255347088.000000000	0.713364884	0.001186795	21.1	36.0	4682
2024-06-20-21:50:53	54.360	18967272.000000000	77419446024.000000000	0.721039000	0.008167092	21.1	36.0	4647
2024-06-20-21:51:17	55.370	19234215.000000000	78764110425.000000000	0.735274258	0.000609120	21.1	36.0	4697
2024-06-20-21:51:40	56.390	19226025.000000000	78730572375.000000000	0.746878395	0.000182349	21.1	36.0	4695
2024-06-20-21:52:03	57.370	19254690.000000000	78847955550.000000000	0.759039695	0.000326609	21.1	36.0	4702
2024-06-20-21:52:27	58.330	19324305.000000000	79133028975.000000000	0.771662142	0.000503054	21.1	36.0	4719
2024-06-20-21:52:50	59.330	19348875.000000000	79233643125.000000000	0.783401335	0.000387740	21.1	36.0	4725
2024-06-20-21:53:13	60.310	19086795.000000000	78160425525.000000000	0.796663163	0.000565901	21.1	36.0	4661
2024-06-20-21:53:37	61.340	19234215.000000000	78764110425.000000000	0.808513644	0.000775152	21.1	36.0	4697
2024-06-20-21:54:00	62.310	19217835.000000000	78697034325.000000000	0.821749747	0.000456602	21.1	36.0	4693
2024-06-20-21:54:23	63.330	19299735.000000000	79032414825.000000000	0.836682859	0.000718117	21.1	36.0	4713
2024-06-20-21:54:47	64.310	19209645.000000000	78663496275.000000000	0.851088743	0.000981242	21.1	36.0	4691
2024-06-20-21:55:10	0.000	0.000000000	0.000000000	0.000001577	0.000000205	21.1	36.0	4689
