2024-09-20-03:28:15	0.000	0.000000000	0.000000000	0.000001331	0.000000244	20.9	37.0	71504
2024-09-20-03:28:39	2.180	3707312.000000000	192325148.000000000	0.010681655	0.000057904	20.9	37.0	71469
2024-09-20-03:29:02	3.170	8884678.000000000	1102665550.000000000	0.025388040	0.000075763	20.9	37.0	71589
2024-09-20-03:29:25	4.200	14047857.000000000	2755041237.000000000	0.039987353	0.000116211	20.9	37.0	71630
2024-09-20-03:29:49	5.200	19221089.000000000	5170204443.000000000	0.054617201	0.000082925	20.9	37.0	71458
2024-09-20-03:30:12	6.180	24302966.000000000	8258905530.000000000	0.068676361	0.000110286	20.9	37.0	71515
2024-09-20-03:30:36	7.190	29518101.000000000	12166894207.000000000	0.083270668	0.000157913	20.9	37.0	71614
2024-09-20-03:30:59	8.180	34956570.000000000	17057998078.000000000	0.097902447	0.000207546	20.9	37.0	71636
2024-09-20-03:31:22	9.210	40152005.000000000	22495232407.000000000	0.112532861	0.000337361	20.9	37.0	71668
2024-09-20-03:31:46	10.200	45285873.000000000	28666329445.000000000	0.127951031	0.000270026	20.9	37.0	71541
2024-09-20-03:32:09	11.210	50564758.000000000	35765442878.000000000	0.141758060	0.000177913	20.9	37.0	71488
2024-09-20-03:32:32	12.210	55658816.000000000	43294095660.000000000	0.156122698	0.000216714	20.9	37.0	71555
2024-09-20-03:32:56	13.210	60788031.000000000	51694143425.000000000	0.169638372	0.000492244	20.9	37.0	71482
2024-09-20-03:33:19	14.210	66246239.000000000	61395074659.000000000	0.184095492	0.000577866	20.9	37.0	71481
2024-09-20-03:33:42	15.210	71769655.000000000	71991932247.000000000	0.198977146	0.000431138	20.9	37.0	71549
2024-09-20-03:34:06	16.180	77397126.000000000	83511170595.999999900	0.215080746	0.000710613	20.9	37.0	71732
2024-09-20-03:34:29	17.230	82806557.000000000	95819755930.999999900	0.231199118	0.000884918	20.9	37.0	71562
2024-09-20-03:34:53	18.210	88117739.000000000	108516515577.000000000	0.246108889	0.000735251	20.9	37.0	71555
2024-09-20-03:35:16	19.260	92946774.000000000	120760518646.000000000	0.260982785	0.000989889	20.9	37.0	71540
2024-09-20-03:35:39	20.280	97896542.000000000	134000135202.000000000	0.276110498	0.000667493	20.9	37.0	71521
2024-09-20-03:36:03	21.190	103912421.000000000	150916407639.000000000	0.290070392	0.000752517	20.9	37.0	71552
2024-09-20-03:36:26	22.200	108293823.000000000	164020609049.000000000	0.303791520	0.001833469	20.9	37.0	71503
2024-09-20-03:36:49	23.130	113962207.000000000	181457254089.000000000	0.316998023	0.001238994	20.9	37.0	71577
2024-09-20-03:37:13	24.130	120113631.000000000	201693514875.000000000	0.332015376	0.001545819	20.9	37.0	71533
2024-09-20-03:37:36	25.190	124746935.000000000	217496392529.000000000	0.340774035	0.003757885	20.9	37.0	71553
2024-09-20-03:37:59	26.130	129628467.000000000	234731381235.000000000	0.354478250	0.001802757	20.9	37.0	71588
2024-09-20-03:38:23	27.200	133277922.000000000	248376673190.000000000	0.366801037	0.002354097	20.9	37.0	71517
2024-09-20-03:38:46	28.170	138502755.000000000	267677413371.000000000	0.384992858	0.003487802	20.9	37.0	71665
2024-09-20-03:39:10	29.160	143977103.000000000	289201915719.000000000	0.398151222	0.000758611	20.9	37.0	71678
2024-09-20-03:39:33	30.180	148920490.000000000	310004696342.000000000	0.412536404	0.001136397	20.9	37.0	71539
2024-09-20-03:39:56	31.080	157197171.000000000	345707823665.000000000	0.429020918	0.003483680	20.9	37.0	71491
2024-09-20-03:40:20	32.130	160350064.000000000	359225638684.000000000	0.443654287	0.004439429	20.9	37.0	71582
2024-09-20-03:40:43	33.160	166012046.000000000	386200010000.000000000	0.454425520	0.003205538	20.9	37.0	71364
2024-09-20-03:41:06	34.180	171457687.000000000	410772607329.000000000	0.467245950	0.004467403	20.9	37.0	71574
2024-09-20-03:41:30	35.280	174862787.000000000	427046832835.000000000	0.474300756	0.006602818	20.9	37.0	71607
2024-09-20-03:41:53	36.070	183017732.000000000	468594788194.000000000	0.499546841	0.001737283	20.9	37.0	71490
2024-09-20-03:42:16	37.240	187702439.000000000	491212179529.000000000	0.514153054	0.001563444	20.9	37.0	71735
2024-09-20-03:42:40	38.270	192991696.000000000	520485137022.000000000	0.528973662	0.001254885	20.9	37.0	71562
2024-09-20-03:43:03	39.220	198714057.000000000	552075880953.000000000	0.542169750	0.000224561	20.9	37.0	71526
2024-09-20-03:43:26	40.220	202812129.000000000	576785432193.000000000	0.553656585	0.001342223	20.9	37.0	71314
2024-09-20-03:43:50	41.180	208532456.000000000	606581166668.000000000	0.565186747	0.003683253	20.9	37.0	71691
2024-09-20-03:44:13	42.270	212699812.000000000	634619325705.999999000	0.579689491	0.000158119	20.9	37.0	71291
2024-09-20-03:44:37	43.220	218572027.000000000	667372508930.999999000	0.592104822	0.000371799	20.9	37.0	71585
2024-09-20-03:45:00	44.260	224907508.000000000	705527214813.999999000	0.606676041	0.000328961	20.9	37.0	71696
2024-09-20-03:45:23	45.210	230958066.000000000	745183916709.999999000	0.622650751	0.000298793	20.9	37.0	71584
2024-09-20-03:45:47	46.190	235953030.000000000	778282738941.999999000	0.636976768	0.000411979	20.9	37.0	71535
2024-09-20-03:46:10	47.280	241436972.000000000	813597438539.999999000	0.651371072	0.000476283	20.9	37.0	71647
2024-09-20-03:46:33	48.280	246302764.000000000	846177877267.999999000	0.663944311	0.002071603	20.9	37.0	71694
2024-09-20-03:46:57	49.310	250087841.000000000	877194104202.999999000	0.677448776	0.000399517	20.9	37.0	71300
2024-09-20-03:47:20	50.320	256781706.000000000	920532855415.999999000	0.691746216	0.000166892	20.9	37.0	71629
2024-09-20-03:47:43	51.330	261718391.000000000	958060349670.999999000	0.705723462	0.000082718	20.9	37.0	71495
2024-09-20-03:48:07	52.310	267680047.000000000	1001868251245.000000000	0.721445038	0.000187559	20.9	37.0	71519
2024-09-20-03:48:30	53.290	273895624.000000000	1046856967176.000000000	0.735616564	0.000237639	20.9	37.0	71661
2024-09-20-03:48:53	54.330	278367124.000000000	1083055473090.000000000	0.748752500	0.000206661	20.9	37.0	71546
2024-09-20-03:49:17	55.330	283233152.000000000	1121658588792.000000000	0.761374701	0.007030373	21.0	37.0	71520
2024-09-20-03:49:40	56.330	288316575.000000000	1162721550419.000000000	0.777730267	0.000195492	21.0	37.0	71493
2024-09-20-03:50:04	57.300	293550075.000000000	1202087557125.000000000	0.792770302	0.000480816	21.0	37.0	71685
2024-09-20-03:50:27	58.260	292907160.000000000	1199454820200.000000000	0.807962579	0.000382389	21.0	37.0	71528
2024-09-20-03:50:50	59.260	292616415.000000000	1198264219425.000000000	0.822108563	0.000330440	21.0	37.0	71457
2024-09-20-03:51:14	60.250	293496840.000000000	1201869559800.000000000	0.835741801	0.000233563	21.0	37.0	71672
2024-09-20-03:51:37	61.290	292882590.000000000	1199354206050.000000000	0.851468767	0.000502431	21.0	37.0	71522
2024-09-20-03:52:01	62.300	293386275.000000000	1201416796125.000000000	0.867570876	0.000386592	21.0	37.0	71645
2024-09-20-03:52:24	63.210	292993155.000000000	1199806969725.000000000	0.882868037	0.000264170	21.0	37.0	71549
2024-09-20-03:52:47	64.250	292956300.000000000	1199656048500.000000000	0.897382046	0.000310043	21.0	37.0	71540
2024-09-20-03:53:11	0.000	0.000000000	0.000000000	0.000001164	0.000000234	21.0	37.0	71661
