2024-09-21-00:58:21	0.000	0.000000000	0.000000000	0.000000975	0.000000211	20.9	37.0	71556
2024-09-21-00:58:45	2.170	3643539.000000000	185625163.000000000	0.010418497	0.000060325	20.9	37.0	71524
2024-09-21-00:59:08	3.180	8814110.000000000	1086123502.000000000	0.025004024	0.000079577	20.9	37.0	71530
2024-09-21-00:59:31	4.220	13913141.000000000	2705439793.000000000	0.039538483	0.000080592	20.9	37.0	71551
2024-09-21-00:59:55	5.240	19078437.000000000	5089533705.000000000	0.054193114	0.000103591	20.9	37.0	71517
2024-09-21-01:00:18	6.240	24254660.000000000	8218526958.000000000	0.068633877	0.000158622	20.9	37.0	71581
2024-09-21-01:00:42	7.260	29427968.000000000	12105558232.000000000	0.083247254	0.000150976	20.9	37.0	71538
2024-09-21-01:01:05	8.260	34769394.000000000	16880257000.000000000	0.097638284	0.000164711	20.9	37.0	71617
2024-09-21-01:01:28	9.290	40127809.000000000	22506428303.000000000	0.113595899	0.000242921	20.9	37.0	71546
2024-09-21-01:01:52	10.310	45091928.000000000	28519029620.000000000	0.127903556	0.000474031	20.9	37.0	71296
2024-09-21-01:02:15	11.340	50437622.000000000	35570858460.000000000	0.142073556	0.000279702	20.9	37.0	71518
2024-09-21-01:02:38	12.370	55780910.000000000	43481199712.000000000	0.156700447	0.000237673	20.9	37.0	71560
2024-09-21-01:03:02	13.350	61052954.000000000	52104802888.000000000	0.170224487	0.000679624	20.9	37.0	71538
2024-09-21-01:03:25	14.340	66146338.000000000	61148813274.000000000	0.184009885	0.000696174	20.9	37.0	71553
2024-09-21-01:03:48	15.360	71858520.000000000	72126776472.000000000	0.198392511	0.000764120	20.9	37.0	71592
2024-09-21-01:04:12	16.310	77747533.000000000	84338401578.999999900	0.215922014	0.000967051	20.9	37.0	71673
2024-09-21-01:04:35	17.330	82399994.000000000	95268619309.999999900	0.227489321	0.001006286	20.9	37.0	71270
2024-09-21-01:04:59	18.330	88028569.000000000	108392648749.000000000	0.244655145	0.000995824	20.9	37.0	71492
2024-09-21-01:05:22	19.400	92940208.000000000	120704473514.000000000	0.260438454	0.000578729	20.9	37.0	71564
2024-09-21-01:05:45	20.410	97945964.000000000	134161089252.000000000	0.275524439	0.000920430	20.9	37.0	71508
2024-09-21-01:06:09	21.360	103582238.000000000	149991858918.000000000	0.285233031	0.002022100	20.9	37.0	71535
2024-09-21-01:06:32	22.350	108991103.000000000	165771707363.000000000	0.301884651	0.001269742	20.9	37.0	71662
2024-09-21-01:06:55	23.320	113833721.000000000	181273450169.000000000	0.314353201	0.002175299	20.9	37.0	71487
2024-09-21-01:07:19	24.290	120555371.000000000	203265892945.000000000	0.331978557	0.001699999	20.9	37.0	71502
2024-09-21-01:07:42	25.350	124818518.000000000	217668057854.000000000	0.339896964	0.003577384	20.9	37.0	71577
2024-09-21-01:08:05	26.360	129700642.000000000	234662650688.000000000	0.355089234	0.004890115	20.9	37.0	71688
2024-09-21-01:08:29	27.450	134214230.000000000	251610142196.000000000	0.372468160	0.002796386	20.9	37.0	71593
2024-09-21-01:08:52	28.400	139003019.000000000	270050724253.000000000	0.386680834	0.000926556	20.9	37.0	71549
2024-09-21-01:09:15	29.410	144285725.000000000	290934166935.000000000	0.405035450	0.000324433	20.9	37.0	71557
2024-09-21-01:09:39	30.400	149945740.000000000	313581792200.000000000	0.418638755	0.000818769	20.9	37.0	71701
2024-09-21-01:10:02	31.350	156536680.000000000	341865023840.000000000	0.433983648	0.001043958	20.9	37.0	71684
2024-09-21-01:10:25	32.370	161546400.000000000	364927239970.000000000	0.446163664	0.003006281	20.9	37.0	71517
2024-09-21-01:10:49	33.370	165732619.000000000	383932369333.000000000	0.459530777	0.001607368	20.9	37.0	71547
2024-09-21-01:11:12	34.400	171032881.000000000	408127700437.000000000	0.470971045	0.002915596	20.9	37.0	71681
2024-09-21-01:11:36	35.420	174081007.000000000	423644601355.000000000	0.474098944	0.005694405	20.9	37.0	71537
2024-09-21-01:11:59	36.450	181452653.000000000	460317118259.000000000	0.495007483	0.004358982	20.9	37.0	71532
2024-09-21-01:12:22	37.430	187919119.000000000	493382336463.000000000	0.510277874	0.001489086	20.9	37.0	71584
2024-09-21-01:12:46	38.430	193375606.000000000	522328373824.000000000	0.522766792	0.000698203	20.9	37.0	71593
2024-09-21-01:13:09	39.410	198833482.000000000	552717726842.000000000	0.536291923	0.000344589	20.9	37.0	71528
2024-09-21-01:13:32	40.410	203556289.000000000	578902121127.000000000	0.549824237	0.004810224	20.9	37.0	71576
2024-09-21-01:13:56	41.450	207656639.000000000	602826902763.000000000	0.559643649	0.000781178	20.9	37.0	71532
2024-09-21-01:14:19	42.460	212584879.000000000	631879540498.999999000	0.573008468	0.006546962	20.9	37.0	71521
2024-09-21-01:14:42	43.410	217916840.000000000	664568985677.999999000	0.585662866	0.001509565	20.9	37.0	71457
2024-09-21-01:15:06	44.420	223325419.000000000	699385188900.999999000	0.600601167	0.001457115	20.9	37.0	71312
2024-09-21-01:15:29	45.370	230149568.000000000	740169230145.999999000	0.612465063	0.001718319	20.9	37.0	71566
2024-09-21-01:15:53	46.440	236276876.000000000	777862968869.999999000	0.631146755	0.000767222	20.9	37.0	71770
2024-09-21-01:16:16	47.480	240417955.000000000	808493390438.999999000	0.645898254	0.000283325	20.9	37.0	71492
2024-09-21-01:16:39	48.480	245549552.000000000	842762343965.999999000	0.659886430	0.000138317	20.9	37.0	71544
2024-09-21-01:17:03	49.520	250562930.000000000	877723203911.999999000	0.673067920	0.000316463	20.9	37.0	71528
2024-09-21-01:17:26	50.500	256215677.000000000	918196823582.999999000	0.688407749	0.000239229	20.9	37.0	71495
2024-09-21-01:17:49	51.510	262158568.000000000	960748151397.999999000	0.704126103	0.000159971	20.9	37.0	71535
2024-09-21-01:18:13	52.490	268480205.000000000	1005056223185.000000000	0.719661471	0.000236050	20.9	37.0	71719
2024-09-21-01:18:36	53.460	273466640.000000000	1045272296654.000000000	0.734716318	0.000362781	20.9	37.0	71545
2024-09-21-01:18:59	54.500	278867842.000000000	1085907855026.000000000	0.748216239	0.001485167	20.9	37.0	71615
2024-09-21-01:19:23	55.500	283620022.000000000	1124945071240.000000000	0.763046969	0.000284941	20.9	37.0	71506
2024-09-21-01:19:46	56.510	289033781.000000000	1168448055819.000000000	0.778067455	0.000297430	20.9	37.0	71497
2024-09-21-01:20:10	57.470	293603285.000000000	1202305350325.000000000	0.793805727	0.000248772	20.9	37.0	71698
2024-09-21-01:20:33	58.430	293075055.000000000	1200142350225.000000000	0.807894222	0.000214577	20.9	37.0	71569
2024-09-21-01:20:56	59.420	291887505.000000000	1195279332975.000000000	0.821253968	0.000272767	20.9	37.0	71279
2024-09-21-01:21:20	60.410	292808880.000000000	1199052363600.000000000	0.835222605	0.000143084	20.9	37.0	71504
2024-09-21-01:21:43	61.450	292104540.000000000	1196168091300.000000000	0.850335003	0.000432074	20.9	37.0	71332
2024-09-21-01:22:07	62.460	293455890.000000000	1201701869550.000000000	0.865387628	0.000333620	20.9	37.0	71662
2024-09-21-01:22:30	63.430	292948110.000000000	1199622510450.000000000	0.880896847	0.000453626	20.9	37.0	71538
2024-09-21-01:22:54	64.400	292923540.000000000	1199521896300.000000000	0.899202629	0.000642019	20.9	37.0	71532
2024-09-21-01:23:17	0.000	0.000000000	0.000000000	0.000001029	0.000000197	20.9	37.0	71570
